20
1 4 7
0 2
1 3
2 4
0 3 5
4 6
5 7
0 6 8
7 9
8 10 17
9 11
10 12
11 13
12 14
13 15
14 16
15 17
9 16 18
17 19
18

20
1 7 9 14
0 2
1 3
2 4
3 5
4 6 14
5 7
0 6 8
7 9
0 8 10
9 11
10 12 15
11 13
12 14
0 5 13 15
11 14 16
15 17
16 18
17 19
18

20
1 6 7
0 2
1 3
2 4
3 5
4 6
0 5 7
0 6 8
7 9
8 10
9 11
10 12
11 13
12 14
13 15
14 16
15 17
16 18
17 19
18

20
1 7
0 2
1 3 14
2 4 15
3 5
4 6
5 7
0 6 8
7 9
8 10
9 11
10 12
11 13
12 14
2 13 15
3 14 16
15 17
16 18
17 19
18

20
1 5 7 17
0 2
1 3
2 4 18
3 5
0 4 6
5 7
0 6 8 12
7 9
8 10
9 11
10 12
7 11 13
12 14
13 15
14 16
15 17
0 16 18
3 17 19
18

20
1 7 17
0 2
1 3
2 4 16
3 5
4 6
5 7
0 6 8
7 9
8 10
9 11
10 12
11 13
12 14
13 15
14 16
3 15 17
0 16 18
17 19
18

20
1 7 13 18
0 2
1 3
2 4
3 5
4 6
5 7
0 6 8
7 9
8 10 14
9 11
10 12
11 13
0 12 14
9 13 15
14 16
15 17
16 18
0 17 19
18

20
1 7
0 2 9
1 3 7 10
2 4
3 5
4 6
5 7
0 2 6 8
7 9 16
1 8 10
2 9 11
10 12
11 13
12 14
13 15
14 16
8 15 17
16 18
17 19
18

20
1 7
0 2 8
1 3
2 4
3 5
4 6
5 7
0 6 8
1 7 9 13
8 10
9 11
10 12
11 13
8 12 14
13 15
14 16
15 17
16 18
17 19
18

20
1 10
0 2
1 3
2 4
3 5
4 6 17
5 7
6 8 14
7 9
8 10
0 9 11
10 12
11 13
12 14
7 13 15
14 16
15 17
5 16 18
17 19
18

20
1 7
0 2
1 3
2 4 14
3 5
4 6
5 7
0 6 8
7 9 16
8 10
9 11
10 12
11 13
12 14
3 13 15
14 16
8 15 17
16 18
17 19
18

20
1 7 16
0 2 19
1 3
2 4
3 5
4 6 13
5 7
0 6 8
7 9
8 10 15
9 11
10 12
11 13 19
5 12 14
13 15
9 14 16
0 15 17
16 18
17 19
1 12 18

20
1 7
0 2
1 3
2 4
3 5
4 6 10
5 7 14
0 6 8
7 9
8 10
5 9 11
10 12
11 13
12 14
6 13 15
14 16
15 17
16 18
17 19
18

20
1 7 12
0 2 10
1 3
2 4
3 5
4 6
5 7
0 6 8 17
7 9
8 10
1 9 11
10 12
0 11 13
12 14
13 15
14 16
15 17
7 16 18
17 19
18

20
1 7
0 2 8
1 3 8
2 4
3 5
4 6
5 7
0 6 8 13
1 2 7 9
8 10
9 11
10 12
11 13
7 12 14
13 15
14 16
15 17
16 18
17 19
18

20
1 7
0 2
1 3 14
2 4
3 5
4 6
5 7
0 6 8
7 9
8 10 17 18
9 11
10 12
11 13
12 14
2 13 15
14 16
15 17
9 16 18
9 17 19
18

20
1 7
0 2
1 3 15 18
2 4 19
3 5
4 6
5 7
0 6 8 13
7 9
8 10
9 11
10 12
11 13
7 12 14
13 15
2 14 16
15 17
16 18
2 17 19
3 18

20
1 7
0 2
1 3
2 4
3 5
4 6 11
5 7
0 6 8
7 9
8 10
9 11 17
5 10 12
11 13 18
12 14
13 15
14 16 19
15 17
10 16 18
12 17 19
15 18

20
1 7 18
0 2 13
1 3
2 4
3 5
4 6
5 7
0 6 8
7 9 13
8 10
9 11
10 12 18
11 13
1 8 12 14
13 15
14 16
15 17
16 18
0 11 17 19
18

20
1 7 15 16
0 2
1 3
2 4
3 5 10
4 6
5 7
0 6 8 16
7 9
8 10
4 9 11
10 12
11 13
12 14
13 15
0 14 16
0 7 15 17
16 18
17 19
18

20
1 7 11
0 2 18
1 3 15
2 4
3 5 12 14
4 6
5 7
0 6 8
7 9
8 10
9 11
0 10 12
4 11 13
12 14
4 13 15
2 14 16
15 17
16 18
1 17 19
18

20
1 7
0 2
1 3
2 4
3 5 10
4 6
5 7
0 6 8
7 9
8 10 14
4 9 11
10 12 15 16
11 13
12 14
9 13 15 19
11 14 16
11 15 17
16 18
17 19
14 18

20
1 7
0 2 13
1 3
2 4
3 5
4 6 15
5 7
0 6 8
7 9 15
8 10
9 11
10 12
11 13
1 12 14
13 15
5 8 14 16
15 17
16 18
17 19
18

20
1 7
0 2
1 3
2 4
3 5
4 6
5 7
0 6 8 19
7 9
8 10
9 11
10 12
11 13
12 14
13 15
14 16
15 17
16 18
17 19
7 18

20
1 7
0 2 8
1 3
2 4
3 5
4 6
5 7
0 6 8
1 7 9
8 10
9 11 15
10 12
11 13
12 14
13 15
10 14 16
15 17
16 18
17 19
18

20
1 7
0 2
1 3
2 4
3 5
4 6
5 7
0 6 8
7 9
8 10
9 11
10 12 18
11 13
12 14
13 15
14 16
15 17
16 18
11 17 19
18

20
1 7 9
0 2 9
1 3
2 4
3 5 10
4 6
5 7
0 6 8
7 9
0 1 8 10
4 9 11
10 12
11 13
12 14
13 15
14 16
15 17
16 18
17 19
18

20
1 7 13
0 2 8 18
1 3
2 4
3 5
4 6 17
5 7
0 6 8
1 7 9
8 10
9 11
10 12
11 13
0 12 14
13 15
14 16
15 17
5 16 18
1 17 19
18

20
1 7 13
0 2
1 3
2 4
3 5
4 6 17
5 7
0 6 8
7 9
8 10
9 11 15
10 12
11 13
0 12 14 18
13 15
10 14 16
15 17
5 16 18
13 17 19
18

20
1 7 11
0 2 15
1 3 15
2 4
3 5 13
4 6 19
5 7
0 6 8
7 9
8 10
9 11
0 10 12
11 13
4 12 14
13 15
1 2 14 16
15 17
16 18
17 19
5 18

20
1 7
0 2
1 3
2 4 13
3 5 12
4 6
5 7
0 6 8 19
7 9
8 10
9 11
10 12
4 11 13
3 12 14
13 15
14 16
15 17
16 18
17 19
7 18

20
1 6 7
0 2
1 3
2 4
3 5 17
4 6 19
0 5 7
0 6 8
7 9
8 10
9 11
10 12
11 13
12 14
13 15
14 16
15 17
4 16 18
17 19
5 18

20
1 7
0 2 14
1 3 15
2 4
3 5
4 6
5 7
0 6 8
7 9
8 10
9 11
10 12
11 13
12 14
1 13 15
2 14 16
15 17
16 18
17 19
18

20
1 7 12
0 2
1 3
2 4
3 5 9
4 6
5 7
0 6 8
7 9 17
4 8 10
9 11
10 12
0 11 13 16
12 14
13 15
14 16
12 15 17
8 16 18
17 19
18

20
1 7 12
0 2
1 3
2 4
3 5
4 6
5 7
0 6 8
7 9
8 10 15
9 11
10 12
0 11 13
12 14
13 15
9 14 16
15 17
16 18
17 19
18

20
1 7
0 2
1 3
2 4 12
3 5
4 6 17
5 7
0 6 8 19
7 9
8 10
9 11
10 12
3 11 13
12 14
13 15
14 16
15 17
5 16 18
17 19
7 18

20
1 7 10
0 2 5
1 3
2 4
3 5
1 4 6
5 7
0 6 8
7 9
8 10
0 9 11
10 12
11 13
12 14
13 15
14 16
15 17
16 18
17 19
18

20
1 7
0 2
1 3
2 4
3 5
4 6
5 7
0 6 8 11
7 9
8 10 15
9 11
7 10 12
11 13
12 14
13 15
9 14 16 19
15 17
16 18
17 19
15 18

20
1 7
0 2
1 3 9
2 4 18
3 5 8
4 6
5 7
0 6 8
4 7 9 16
2 8 10
9 11
10 12 17 18
11 13
12 14
13 15
14 16
8 15 17
11 16 18
3 11 17 19
18

20
1 7
0 2
1 3
2 4
3 5
4 6
5 7
0 6 8 12
7 9
8 10
9 11
10 12
7 11 13
12 14
13 15
14 16
15 17
16 18
17 19
18

20
1 7
0 2 11 16
1 3
2 4
3 5
4 6
5 7
0 6 8
7 9
8 10
9 11 14
1 10 12
11 13
12 14 19
10 13 15
14 16
1 15 17
16 18
17 19
13 18

20
1 7 12
0 2
1 3 17
2 4
3 5
4 6
5 7 16
0 6 8 12
7 9
8 10 17
9 11
10 12
0 7 11 13
12 14
13 15
14 16
6 15 17
2 9 16 18
17 19
18

20
1 7 13
0 2
1 3
2 4
3 5
4 6
5 7
0 6 8
7 9
8 10
9 11 15
10 12
11 13
0 12 14
13 15
10 14 16
15 17
16 18
17 19
18

20
1 7
0 2
1 3
2 4
3 5 19
4 6 13
5 7
0 6 8
7 9
8 10
9 11
10 12
11 13
5 12 14
13 15
14 16
15 17
16 18
17 19
4 18

20
1 7
0 2
1 3 15
2 4
3 5
4 6
5 7
0 6 8
7 9
8 10
9 11
10 12
11 13
12 14
13 15
2 14 16
15 17
16 18
17 19
18

20
1 7 9
0 2
1 3 19
2 4
3 5
4 6 16
5 7
0 6 8 13
7 9
0 8 10
9 11
10 12
11 13
7 12 14
13 15
14 16
5 15 17
16 18
17 19
2 18

20
1 7 17
0 2
1 3
2 4 14
3 5 11
4 6 13
5 7 13
0 6 8
7 9
8 10
9 11
4 10 12
11 13
5 6 12 14
3 13 15
14 16
15 17
0 16 18
17 19
18

20
1 7
0 2 5
1 3
2 4 7 11
3 5 14
1 4 6 9
5 7
0 3 6 8
7 9
5 8 10 16
9 11
3 10 12 18
11 13
12 14
4 13 15
14 16
9 15 17
16 18
11 17 19
18

20
1 7
0 2 15
1 3 18
2 4
3 5
4 6 11 15
5 7
0 6 8
7 9 14
8 10
9 11
5 10 12 15
11 13
12 14
8 13 15
1 5 11 14 16
15 17
16 18
2 17 19
18

20
1 7 10
0 2
1 3
2 4
3 5
4 6
5 7
0 6 8
7 9
8 10
0 9 11
10 12
11 13
12 14
13 15
14 16
15 17
16 18
17 19
18

20
1 7 13
0 2
1 3
2 4
3 5
4 6
5 7 10
0 6 8
7 9 18
8 10
6 9 11
10 12
11 13
0 12 14
13 15
14 16
15 17
16 18
8 17 19
18

20
1 7
0 2
1 3
2 4
3 5
4 6
5 7 15
0 6 8 13
7 9
8 10
9 11
10 12 17
11 13
7 12 14 19
13 15
6 14 16
15 17
11 16 18
17 19
13 18

20
1 7 15
0 2
1 3
2 4
3 5
4 6
5 7
0 6 8
7 9
8 10
9 11
10 12
11 13
12 14
13 15
0 14 16
15 17
16 18
17 19
18

20
1 7 18
0 2 13
1 3
2 4
3 5
4 6
5 7
0 6 8
7 9 13
8 10 17
9 11
10 12
11 13
1 8 12 14
13 15
14 16
15 17
9 16 18
0 17 19
18

20
1 7
0 2 8
1 3 12
2 4
3 5
4 6 9
5 7 19
0 6 8
1 7 9 12
5 8 10
9 11 18
10 12
2 8 11 13
12 14
13 15
14 16
15 17
16 18
10 17 19
6 18

20
1 7
0 2
1 3
2 4
3 5
4 6
5 7 13
0 6 8
7 9 16
8 10
9 11
10 12
11 13
6 12 14
13 15
14 16
8 15 17
16 18
17 19
18

20
1 7
0 2
1 3 9
2 4
3 5
4 6 15
5 7
0 6 8 17
7 9
2 8 10
9 11
10 12
11 13
12 14
13 15
5 14 16
15 17
7 16 18
17 19
18

20
1 7
0 2
1 3
2 4
3 5 15
4 6 19
5 7
0 6 8
7 9 13
8 10 19
9 11
10 12
11 13
8 12 14
13 15
4 14 16
15 17
16 18
17 19
5 9 18

20
1 7 18
0 2
1 3
2 4
3 5 10
4 6 16
5 7 14
0 6 8
7 9
8 10 13
4 9 11
10 12
11 13 19
9 12 14
6 13 15
14 16
5 15 17
16 18
0 17 19
12 18

20
1 7
0 2
1 3 13
2 4
3 5
4 6
5 7
0 6 8
7 9 15
8 10
9 11
10 12
11 13
2 12 14
13 15
8 14 16
15 17
16 18
17 19
18

20
1 7
0 2
1 3
2 4 19
3 5 13
4 6 13 15
5 7
0 6 8
7 9
8 10 18
9 11
10 12
11 13
4 5 12 14
13 15
5 14 16
15 17
16 18
9 17 19
3 18

20
1
0 2
1 3 6 17
2 4
3 5
4 6
2 5 7
6 8 18
7 9
8 10
9 11 15
10 12
11 13
12 14
13 15
10 14 16
15 17
2 16 18
7 17 19
18

20
1 7
0 2 13
1 3
2 4 13
3 5 14
4 6 11
5 7
0 6 8
7 9
8 10
9 11
5 10 12
11 13
1 3 12 14
4 13 15 19
14 16
15 17
16 18
17 19
14 18

20
1 7
0 2
1 3
2 4
3 5
4 6
5 7
0 6 8
7 9
8 10
9 11
10 12
11 13
12 14
13 15
14 16
15 17
16 18
17 19
18

20
1 7 15
0 2 13
1 3 18
2 4
3 5 13
4 6
5 7
0 6 8
7 9
8 10 16
9 11
10 12 16
11 13
1 4 12 14
13 15
0 14 16
9 11 15 17
16 18
2 17 19
18

20
1 7
0 2 8
1 3
2 4 15
3 5
4 6
5 7
0 6 8
1 7 9
8 10
9 11
10 12 18
11 13
12 14
13 15
3 14 16
15 17
16 18
11 17 19
18

20
1 7
0 2
1 3 10
2 4
3 5
4 6
5 7
0 6 8
7 9
8 10
2 9 11 19
10 12
11 13
12 14
13 15
14 16
15 17
16 18
17 19
10 18

20
1 7
0 2
1 3
2 4
3 5
4 6
5 7
0 6 8
7 9
8 10
9 11
10 12
11 13
12 14 17
13 15 19
14 16
15 17
13 16 18
17 19
14 18

20
1 7
0 2 12
1 3
2 4 16
3 5
4 6
5 7
0 6 8
7 9
8 10 18
9 11
10 12
1 11 13
12 14
13 15
14 16
3 15 17
16 18
9 17 19
18

20
1 7
0 2
1 3 15
2 4
3 5 14
4 6
5 7 14
0 6 8
7 9
8 10
9 11
10 12 18
11 13
12 14
4 6 13 15
2 14 16
15 17
16 18
11 17 19
18

20
1 7 14
0 2
1 3
2 4
3 5
4 6 11
5 7
0 6 8
7 9
8 10
9 11
5 10 12
11 13
12 14
0 13 15
14 16
15 17
16 18
17 19
18

20
1 7
0 2
1 3 12
2 4
3 5
4 6
5 7
0 6 8 18
7 9
8 10
9 11
10 12
2 11 13
12 14
13 15
14 16
15 17
16 18
7 17 19
18

20
1 7
0 2
1 3 11
2 4
3 5 15
4 6
5 7 14 17
0 6 8 11
7 9
8 10
9 11
2 7 10 12
11 13
12 14
6 13 15
4 14 16
15 17
6 16 18
17 19
18

20
1 7
0 2
1 3
2 4
3 5
4 6 16
5 7 17
0 6 8
7 9 13
8 10 19
9 11
10 12
11 13
8 12 14
13 15
14 16
5 15 17
6 16 18
17 19
9 18

20
1 7
0 2
1 3
2 4
3 5 12
4 6
5 7
0 6 8
7 9
8 10
9 11
10 12
4 11 13
12 14
13 15
14 16
15 17
16 18
17 19
18

20
1 7
0 2 8
1 3
2 4 7 18
3 5
4 6
5 7 18
0 3 6 8
1 7 9
8 10
9 11
10 12
11 13
12 14
13 15
14 16
15 17
16 18
3 6 17 19
18

20
1 7
0 2 13
1 3 11
2 4
3 5
4 6 15
5 7
0 6 8
7 9
8 10
9 11
2 10 12
11 13
1 12 14 17
13 15
5 14 16
15 17
13 16 18
17 19
18

20
1 7
0 2
1 3 11
2 4 15
3 5
4 6 13
5 7
0 6 8
7 9
8 10
9 11
2 10 12
11 13
5 12 14
13 15
3 14 16
15 17
16 18
17 19
18

20
1 7 16
0 2
1 3 15
2 4
3 5 18
4 6
5 7
0 6 8
7 9
8 10 14
9 11
10 12
11 13
12 14
9 13 15
2 14 16
0 15 17
16 18
4 17 19
18

20
1 7
0 2
1 3 6 15
2 4 11
3 5
4 6
2 5 7 10 18
0 6 8
7 9 14
8 10
6 9 11 17
3 10 12
11 13
12 14
8 13 15
2 14 16
15 17
10 16 18
6 17 19
18

20
1 7
0 2
1 3 9
2 4 10
3 5
4 6
5 7 19
0 6 8
7 9
2 8 10
3 9 11
10 12
11 13
12 14
13 15 18
14 16
15 17
16 18
14 17 19
6 18

20
1 7
0 2 12 16
1 3
2 4 18
3 5
4 6
5 7
0 6 8
7 9
8 10
9 11
10 12
1 11 13 19
12 14
13 15
14 16
1 15 17
16 18
3 17 19
12 18

20
1 7
0 2
1 3
2 4 15
3 5 10
4 6
5 7
0 6 8
7 9 13
8 10
4 9 11
10 12
11 13
8 12 14
13 15
3 14 16
15 17
16 18
17 19
18

20
1 7
0 2 7
1 3 16
2 4
3 5
4 6
5 7 10 12
0 1 6 8
7 9
8 10
6 9 11
10 12
6 11 13
12 14
13 15
14 16 19
2 15 17
16 18
17 19
15 18

20
1 4 7
0 2 17
1 3 10
2 4
0 3 5 17
4 6
5 7
0 6 8
7 9
8 10
2 9 11
10 12
11 13
12 14
13 15
14 16
15 17
1 4 16 18
17 19
18

20
1 7
0 2
1 3 10
2 4 12
3 5
4 6
5 7
0 6 8
7 9
8 10 16
2 9 11
10 12
3 11 13
12 14
13 15
14 16
9 15 17
16 18
17 19
18

20
1 4 7
0 2 11
1 3 11
2 4
0 3 5 10
4 6
5 7
0 6 8
7 9
8 10
4 9 11
1 2 10 12
11 13
12 14
13 15
14 16
15 17
16 18
17 19
18

20
1 4 7 11
0 2
1 3 13
2 4
0 3 5 14
4 6
5 7 15
0 6 8
7 9 13
8 10
9 11
0 10 12
11 13
2 8 12 14
4 13 15
6 14 16
15 17
16 18
17 19
18

20
1 7 12
0 2 18
1 3
2 4 10
3 5
4 6
5 7
0 6 8 11
7 9
8 10
3 9 11
7 10 12
0 11 13
12 14
13 15
14 16
15 17
16 18
1 17 19
18

20
1 7
0 2
1 3
2 4 19
3 5 14
4 6
5 7 13
0 6 8
7 9
8 10
9 11
10 12
11 13 19
6 12 14
4 13 15
14 16
15 17
16 18
17 19
3 12 18

20
1 7
0 2
1 3
2 4 17
3 5
4 6
5 7
0 6 8 13 17
7 9
8 10
9 11
10 12
11 13
7 12 14 18
13 15
14 16
15 17
3 7 16 18
13 17 19
18

20
1 7 8
0 2 9
1 3
2 4
3 5 8
4 6
5 7
0 6 8
0 4 7 9
1 8 10 16
9 11
10 12
11 13
12 14
13 15
14 16
9 15 17
16 18
17 19
18

20
1 6 7
0 2
1 3 15
2 4
3 5 12
4 6
0 5 7 11
0 6 8 13
7 9 13
8 10
9 11
6 10 12
4 11 13
7 8 12 14
13 15
2 14 16
15 17
16 18
17 19
18

20
1 4 7
0 2
1 3
2 4
0 3 5
4 6
5 7
0 6 8
7 9
8 10 18
9 11
10 12
11 13
12 14
13 15
14 16
15 17
16 18
9 17 19
18

20
1 7
0 2
1 3
2 4 11
3 5 19
4 6
5 7
0 6 8
7 9
8 10
9 11
3 10 12 18
11 13
12 14
13 15
14 16
15 17
16 18
11 17 19
4 18

20
1 7
0 2
1 3 11
2 4 13
3 5
4 6
5 7
0 6 8 15
7 9
8 10
9 11
2 10 12
11 13
3 12 14
13 15
7 14 16
15 17
16 18
17 19
18

20
1 7
0 2 6 18
1 3 11
2 4
3 5
4 6
1 5 7
0 6 8
7 9 13
8 10
9 11
2 10 12
11 13
8 12 14
13 15
14 16
15 17
16 18
1 17 19
18

20
1 7
0 2
1 3 18
2 4
3 5 8 19
4 6 11
5 7
0 6 8
4 7 9
8 10
9 11
5 10 12
11 13
12 14
13 15
14 16
15 17
16 18
2 17 19
4 18

20
1 7
0 2
1 3 7
2 4 18
3 5 11
4 6
5 7
0 2 6 8
7 9
8 10
9 11
4 10 12
11 13
12 14
13 15
14 16
15 17
16 18
3 17 19
18

20
1 7
0 2
1 3 8
2 4
3 5
4 6
5 7
0 6 8
2 7 9
8 10
9 11
10 12
11 13
12 14 19
13 15
14 16
15 17
16 18
17 19
13 18

20
1 7
0 2
1 3 9
2 4
3 5
4 6
5 7
0 6 8
7 9
2 8 10
9 11
10 12 17
11 13
12 14
13 15
14 16
15 17
11 16 18
17 19
18

20
1 7
0 2
1 3 6 7
2 4
3 5
4 6
2 5 7 15
0 2 6 8
7 9
8 10
9 11
10 12
11 13
12 14
13 15
6 14 16
15 17
16 18
17 19
18

20
1 7
0 2
1 3
2 4
3 5
4 6
5 7 16
0 6 8
7 9
8 10
9 11
10 12 17 19
11 13
12 14 17
13 15
14 16
6 15 17
11 13 16 18
17 19
11 18

20
1 7
0 2
1 3
2 4
3 5 12
4 6 12
5 7
0 6 8
7 9
8 10
9 11
10 12
4 5 11 13
12 14
13 15
14 16
15 17
16 18
17 19
18

20
1 7
0 2
1 3 10 14
2 4
3 5
4 6 10
5 7
0 6 8
7 9
8 10
2 5 9 11
10 12
11 13
12 14
2 13 15
14 16
15 17
16 18
17 19
18

20
1 7
0 2 17
1 3 8
2 4
3 5
4 6
5 7
0 6 8
2 7 9
8 10
9 11
10 12
11 13
12 14 17
13 15 18
14 16
15 17
1 13 16 18
14 17 19
18

20
1 7 19
0 2
1 3
2 4 10
3 5 18
4 6
5 7 11 19
0 6 8
7 9
8 10
3 9 11
6 10 12
11 13
12 14
13 15
14 16
15 17
16 18
4 17 19
0 6 18

20
1 7
0 2
1 3 6
2 4
3 5 15
4 6
2 5 7
0 6 8 17
7 9
8 10
9 11
10 12
11 13
12 14
13 15
4 14 16
15 17
7 16 18
17 19
18

20
1 7
0 2
1 3
2 4
3 5
4 6
5 7
0 6 8
7 9 19
8 10
9 11 18
10 12
11 13
12 14
13 15
14 16
15 17
16 18
10 17 19
8 18

20
1 7 18
0 2
1 3
2 4
3 5 13
4 6
5 7
0 6 8 11
7 9
8 10
9 11
7 10 12
11 13
4 12 14
13 15
14 16
15 17
16 18
0 17 19
18

20
1 7
0 2
1 3
2 4
3 5
4 6
5 7 11 15
0 6 8
7 9
8 10
9 11
6 10 12
11 13
12 14
13 15
6 14 16
15 17
16 18
17 19
18

20
1 7 12
0 2
1 3 15
2 4
3 5 10
4 6 14
5 7
0 6 8
7 9 19
8 10
4 9 11
10 12
0 11 13
12 14
5 13 15
2 14 16
15 17
16 18
17 19
8 18

20
1 7
0 2
1 3
2 4
3 5
4 6
5 7
0 6 8
7 9
8 10
9 11
10 12
11 13
12 14
13 15
14 16
15 17
16 18
17 19
18

20
1 7
0 2
1 3
2 4
3 5
4 6
5 7 19
0 6 8
7 9
8 10
9 11
10 12
11 13
12 14
13 15
14 16
15 17
16 18
17 19
6 18

20
1 7
0 2
1 3
2 4
3 5
4 6 10
5 7
0 6 8
7 9
8 10
5 9 11 15
10 12
11 13
12 14
13 15
10 14 16
15 17
16 18
17 19
18

20
1 7 9
0 2
1 3 18
2 4
3 5 13
4 6
5 7
0 6 8
7 9
0 8 10
9 11
10 12
11 13 18
4 12 14
13 15
14 16
15 17
16 18
2 12 17 19
18

20
1 7
0 2
1 3
2 4
3 5
4 6
5 7
0 6 8
7 9
8 10
9 11
10 12
11 13
12 14 19
13 15
14 16
15 17
16 18
17 19
13 18

20
1 7 18
0 2
1 3
2 4
3 5 14
4 6 17
5 7
0 6 8
7 9 18 19
8 10
9 11
10 12
11 13
12 14
4 13 15
14 16
15 17
5 16 18
0 8 17 19
8 18

20
1 7
0 2
1 3
2 4
3 5
4 6
5 7 12 13
0 6 8
7 9
8 10 18
9 11
10 12
6 11 13 17
6 12 14
13 15
14 16
15 17
12 16 18
9 17 19
18

20
1 7
0 2
1 3
2 4
3 5
4 6
5 7
0 6 8
7 9
8 10 19
9 11
10 12
11 13
12 14
13 15
14 16
15 17
16 18
17 19
9 18

20
1 7
0 2 16
1 3
2 4
3 5
4 6
5 7
0 6 8
7 9
8 10
9 11 15
10 12
11 13
12 14
13 15
10 14 16
1 15 17
16 18
17 19
18

20
1 7
0 2
1 3
2 4
3 5 15
4 6
5 7
0 6 8 15
7 9
8 10
9 11
10 12
11 13
12 14
13 15
4 7 14 16
15 17
16 18
17 19
18

20
1 7
0 2
1 3
2 4
3 5
4 6
5 7 12
0 6 8
7 9
8 10 13
9 11
10 12
6 11 13
9 12 14
13 15
14 16
15 17
16 18
17 19
18

20
1 7
0 2
1 3 15 16
2 4
3 5
4 6
5 7
0 6 8
7 9
8 10 15
9 11
10 12
11 13
12 14
13 15
2 9 14 16
2 15 17
16 18
17 19
18

20
1 7
0 2 11
1 3 11
2 4
3 5
4 6
5 7
0 6 8 17
7 9
8 10
9 11
1 2 10 12
11 13
12 14
13 15
14 16
15 17
7 16 18
17 19
18

20
1 7
0 2 14
1 3
2 4
3 5 19
4 6
5 7
0 6 8 16
7 9
8 10
9 11
10 12
11 13
12 14
1 13 15
14 16
7 15 17
16 18
17 19
4 18

20
1 7
0 2
1 3 10
2 4
3 5
4 6 11
5 7
0 6 8
7 9
8 10
2 9 11
5 10 12
11 13
12 14
13 15
14 16
15 17
16 18
17 19
18

20
1 7 15
0 2
1 3
2 4 15
3 5
4 6
5 7
0 6 8
7 9
8 10
9 11 18
10 12
11 13
12 14 18
13 15 19
0 3 14 16
15 17
16 18
10 13 17 19
14 18

20
1 7
0 2 17
1 3
2 4
3 5
4 6
5 7 18
0 6 8
7 9
8 10
9 11
10 12
11 13
12 14
13 15
14 16
15 17
1 16 18
6 17 19
18

20
1 7
0 2
1 3
2 4
3 5
4 6
5 7
0 6 8
7 9
8 10
9 11
10 12
11 13
12 14
13 15
14 16
15 17
16 18
17 19
18

20
1 7
0 2
1 3
2 4
3 5
4 6
5 7
0 6 8
7 9
8 10
9 11
10 12
11 13
12 14
13 15
14 16
15 17
16 18
17 19
18

20
1 4 7
0 2 6
1 3 16
2 4
0 3 5
4 6
1 5 7
0 6 8
7 9
8 10
9 11 18
10 12
11 13
12 14
13 15
14 16
2 15 17
16 18
10 17 19
18

20
1 7
0 2 7
1 3
2 4
3 5 11
4 6 18
5 7
0 1 6 8
7 9
8 10 15
9 11
4 10 12
11 13
12 14
13 15
9 14 16
15 17
16 18
5 17 19
18

20
1 7 10
0 2
1 3 15
2 4 8
3 5
4 6 19
5 7
0 6 8
3 7 9
8 10
0 9 11
10 12
11 13
12 14
13 15
2 14 16
15 17
16 18
17 19
5 18

20
1 7
0 2 9
1 3
2 4 16
3 5
4 6
5 7 11
0 6 8
7 9 13 15
1 8 10
9 11
6 10 12
11 13
8 12 14
13 15
8 14 16
3 15 17
16 18
17 19
18

20
1 7
0 2
1 3
2 4
3 5
4 6
5 7 16
0 6 8
7 9 15
8 10 13 17
9 11
10 12
11 13
9 12 14
13 15
8 14 16
6 15 17
9 16 18
17 19
18

20
1 7 12
0 2
1 3
2 4
3 5
4 6
5 7
0 6 8
7 9 15
8 10
9 11
10 12
0 11 13
12 14
13 15
8 14 16
15 17
16 18
17 19
18

20
1 7
0 2
1 3
2 4 13
3 5
4 6
5 7 12 15 19
0 6 8 12 15
7 9
8 10
9 11
10 12
6 7 11 13
3 12 14 19
13 15
6 7 14 16
15 17
16 18
17 19
6 13 18

20
1 7
0 2
1 3
2 4
3 5
4 6
5 7
0 6 8
7 9
8 10
9 11
10 12
11 13
12 14
13 15
14 16
15 17
16 18
17 19
18

20
1 7 11
0 2
1 3
2 4
3 5
4 6
5 7
0 6 8 15
7 9 18
8 10
9 11
0 10 12
11 13
12 14
13 15
7 14 16
15 17
16 18
8 17 19
18

20
1 7
0 2
1 3
2 4
3 5
4 6
5 7 13
0 6 8
7 9
8 10
9 11 17
10 12
11 13 19
6 12 14
13 15
14 16
15 17
10 16 18
17 19
12 18

20
1 7 19
0 2 18
1 3
2 4 7
3 5
4 6
5 7
0 3 6 8 14
7 9
8 10
9 11
10 12
11 13
12 14
7 13 15
14 16
15 17
16 18
1 17 19
0 18

20
1 7
0 2
1 3 19
2 4
3 5
4 6
5 7
0 6 8
7 9
8 10
9 11
10 12 18
11 13
12 14
13 15 19
14 16
15 17
16 18
11 17 19
2 14 18

20
1 7
0 2
1 3
2 4 11
3 5
4 6
5 7
0 6 8
7 9 17
8 10 13
9 11
3 10 12 15
11 13
9 12 14
13 15
11 14 16
15 17
8 16 18
17 19
18

20
1 7 13
0 2 8
1 3
2 4
3 5
4 6
5 7
0 6 8
1 7 9
8 10
9 11
10 12
11 13
0 12 14
13 15
14 16
15 17
16 18
17 19
18

20
1 7
0 2
1 3
2 4
3 5
4 6
5 7 12
0 6 8
7 9
8 10
9 11
10 12
6 11 13
12 14
13 15
14 16
15 17
16 18
17 19
18

20
1 7
0 2
1 3
2 4 17
3 5
4 6
5 7
0 6 8 17
7 9
8 10
9 11
10 12
11 13 18
12 14
13 15
14 16
15 17
3 7 16 18
12 17 19
18

20
1 7
0 2
1 3
2 4 19
3 5
4 6
5 7
0 6 8
7 9
8 10 17
9 11
10 12
11 13
12 14
13 15
14 16
15 17
9 16 18
17 19
3 18

20
1 7 10
0 2
1 3
2 4 7
3 5
4 6
5 7
0 3 6 8
7 9
8 10 17
0 9 11
10 12
11 13
12 14 18
13 15
14 16
15 17
9 16 18
13 17 19
18

20
1 7
0 2
1 3 19
2 4 14 16
3 5 11
4 6 9
5 7 18
0 6 8
7 9
5 8 10
9 11 15
4 10 12
11 13
12 14
3 13 15
10 14 16
3 15 17
16 18
6 17 19
2 18

20
1 7 17
0 2
1 3
2 4
3 5
4 6
5 7
0 6 8
7 9
8 10
9 11 18
10 12
11 13
12 14
13 15 19
14 16
15 17
0 16 18
10 17 19
14 18

20
1 7
0 2
1 3
2 4
3 5
4 6
5 7
0 6 8
7 9
8 10 18
9 11
10 12
11 13
12 14
13 15
14 16
15 17
16 18
9 17 19
18

20
1 7 17
0 2
1 3 12
2 4 19
3 5
4 6
5 7
0 6 8
7 9
8 10
9 11
10 12
2 11 13
12 14
13 15
14 16
15 17
0 16 18
17 19
3 18

20
1 7
0 2
1 3 13 17
2 4
3 5
4 6
5 7 15
0 6 8
7 9
8 10
9 11
10 12
11 13
2 12 14
13 15
6 14 16
15 17
2 16 18
17 19
18

20
1 7 8 17
0 2
1 3
2 4
3 5
4 6
5 7
0 6 8
0 7 9 13
8 10 14
9 11
10 12
11 13
8 12 14
9 13 15
14 16
15 17
0 16 18
17 19
18

20
1 7 9
0 2 9
1 3 8
2 4
3 5
4 6
5 7 13
0 6 8
2 7 9 17
0 1 8 10
9 11
10 12
11 13
6 12 14 17
13 15
14 16
15 17
8 13 16 18
17 19
18

20
1 5 7
0 2 16
1 3 7
2 4
3 5
0 4 6
5 7
0 2 6 8
7 9
8 10
9 11
10 12
11 13
12 14
13 15
14 16
1 15 17
16 18
17 19
18

20
1 7 17
0 2 11
1 3 7 15
2 4
3 5
4 6 15
5 7
0 2 6 8
7 9
8 10
9 11
1 10 12
11 13
12 14
13 15
2 5 14 16
15 17
0 16 18
17 19
18

20
1 7
0 2
1 3
2 4
3 5 7
4 6
5 7
0 4 6 8
7 9
8 10 17
9 11
10 12
11 13
12 14
13 15
14 16
15 17
9 16 18
17 19
18

20
1 7
0 2
1 3
2 4
3 5
4 6
5 7
0 6 8 15
7 9
8 10
9 11
10 12
11 13
12 14 17
13 15
7 14 16
15 17
13 16 18
17 19
18

20
1 7
0 2
1 3 6
2 4
3 5
4 6
2 5 7
0 6 8
7 9
8 10
9 11
10 12
11 13 18
12 14
13 15
14 16
15 17
16 18
12 17 19
18

20
1 7
0 2 7
1 3
2 4
3 5
4 6
5 7
0 1 6 8 17
7 9
8 10 18
9 11
10 12
11 13
12 14
13 15
14 16
15 17
7 16 18
9 17 19
18

20
1 7
0 2
1 3
2 4
3 5
4 6 18
5 7
0 6 8 18
7 9
8 10 17
9 11
10 12
11 13
12 14
13 15
14 16
15 17
9 16 18
5 7 17 19
18

20
1 5 7 17
0 2 8
1 3 19
2 4
3 5 13
0 4 6
5 7
0 6 8
1 7 9
8 10
9 11
10 12 16
11 13
4 12 14
13 15
14 16
11 15 17
0 16 18
17 19
2 18

20
1 7 12
0 2
1 3 6
2 4 9 10
3 5
4 6
2 5 7
0 6 8
7 9
3 8 10
3 9 11
10 12
0 11 13
12 14 19
13 15
14 16
15 17
16 18
17 19
13 18

20
1 7
0 2
1 3 8 13
2 4
3 5
4 6
5 7 13
0 6 8
2 7 9
8 10
9 11 18
10 12
11 13
2 6 12 14
13 15
14 16
15 17
16 18
10 17 19
18

20
1 7 17
0 2
1 3
2 4
3 5
4 6
5 7
0 6 8
7 9
8 10
9 11
10 12
11 13
12 14
13 15
14 16
15 17
0 16 18
17 19
18

20
1 7
0 2
1 3 16
2 4
3 5
4 6
5 7
0 6 8
7 9 12
8 10 19
9 11
10 12
8 11 13 17
12 14
13 15
14 16
2 15 17
12 16 18
17 19
9 18

20
1 7
0 2
1 3
2 4 6
3 5
4 6
3 5 7 18
0 6 8
7 9
8 10
9 11
10 12
11 13
12 14
13 15
14 16
15 17
16 18
6 17 19
18

20
1 6 7
0 2
1 3
2 4
3 5
4 6
0 5 7 19
0 6 8
7 9
8 10
9 11
10 12 15 16
11 13
12 14
13 15
11 14 16
11 15 17
16 18
17 19
6 18

20
1 7
0 2
1 3
2 4
3 5 17
4 6 16
5 7
0 6 8
7 9
8 10
9 11
10 12 14
11 13
12 14
11 13 15
14 16
5 15 17
4 16 18
17 19
18

20
1 7
0 2
1 3
2 4
3 5
4 6
5 7
0 6 8 12
7 9
8 10 13
9 11
10 12
7 11 13
9 12 14
13 15
14 16
15 17
16 18
17 19
18

20
1 7
0 2
1 3
2 4 17
3 5
4 6
5 7 14
0 6 8
7 9
8 10
9 11
10 12
11 13
12 14
6 13 15
14 16
15 17
3 16 18
17 19
18

20
1 4 7
0 2
1 3 18
2 4
0 3 5
4 6
5 7
0 6 8
7 9 13 15
8 10
9 11
10 12
11 13
8 12 14
13 15
8 14 16
15 17
16 18
2 17 19
18

20
1 7
0 2 6
1 3 7 16
2 4
3 5 12
4 6
1 5 7
0 2 6 8
7 9
8 10
9 11
10 12
4 11 13
12 14
13 15
14 16
2 15 17
16 18
17 19
18

20
1 7
0 2
1 3
2 4 12
3 5 12
4 6
5 7
0 6 8
7 9
8 10
9 11
10 12
3 4 11 13
12 14
13 15
14 16
15 17
16 18
17 19
18

20
1 7
0 2
1 3 7 10
2 4
3 5
4 6
5 7 12
0 2 6 8
7 9 18
8 10
2 9 11
10 12
6 11 13
12 14
13 15
14 16
15 17
16 18
8 17 19
18

20
1 7
0 2 16
1 3
2 4
3 5 17
4 6
5 7
0 6 8 13
7 9
8 10
9 11
10 12
11 13
7 12 14
13 15
14 16
1 15 17
4 16 18
17 19
18

20
1 7
0 2
1 3 17
2 4
3 5
4 6
5 7
0 6 8
7 9
8 10 14
9 11
10 12
11 13
12 14
9 13 15
14 16
15 17
2 16 18
17 19
18

20
1 7 19
0 2
1 3
2 4 9 16
3 5
4 6
5 7
0 6 8 16
7 9
3 8 10
9 11
10 12
11 13
12 14
13 15
14 16
3 7 15 17
16 18
17 19
0 18

20
1 7 8
0 2
1 3 7 12
2 4
3 5
4 6
5 7
0 2 6 8
0 7 9
8 10
9 11
10 12
2 11 13
12 14
13 15
14 16
15 17
16 18
17 19
18

20
1 7
0 2 19
1 3
2 4 7
3 5
4 6
5 7
0 3 6 8
7 9
8 10
9 11
10 12
11 13
12 14
13 15
14 16
15 17
16 18
17 19
1 18

20
1 7 9
0 2 5
1 3
2 4
3 5
1 4 6
5 7
0 6 8
7 9 16
0 8 10
9 11
10 12
11 13
12 14
13 15
14 16 19
8 15 17
16 18
17 19
15 18

20
1 7
0 2 16
1 3
2 4
3 5
4 6
5 7
0 6 8
7 9
8 10
9 11
10 12 18
11 13
12 14
13 15 18
14 16
1 15 17
16 18
11 14 17 19
18

20
1 7 18
0 2
1 3
2 4
3 5
4 6
5 7
0 6 8
7 9 14
8 10
9 11
10 12
11 13
12 14
8 13 15
14 16
15 17
16 18
0 17 19
18

20
1
0 2
1 3
2 4
3 5
4 6
5 7 17
6 8 17
7 9 16
8 10
9 11
10 12
11 13
12 14
13 15 19
14 16
8 15 17
6 7 16 18
17 19
14 18

20
1 7 9
0 2
1 3
2 4 8 9
3 5
4 6 10
5 7
0 6 8
3 7 9
0 3 8 10
5 9 11
10 12
11 13
12 14
13 15 19
14 16
15 17
16 18
17 19
14 18

20
1 7 12
0 2 13
1 3
2 4
3 5
4 6
5 7 14
0 6 8 14
7 9 13
8 10
9 11
10 12
0 11 13
1 8 12 14
6 7 13 15
14 16
15 17
16 18
17 19
18

20
1 7
0 2
1 3
2 4
3 5 11 16
4 6
5 7
0 6 8
7 9
8 10
9 11
4 10 12
11 13
12 14
13 15
14 16
4 15 17
16 18
17 19
18

20
1 13
0 2 8
1 3
2 4
3 5
4 6
5 7 18
6 8
1 7 9 12
8 10
9 11
10 12
8 11 13
0 12 14
13 15
14 16
15 17
16 18
6 17 19
18

20
1 7
0 2 13
1 3
2 4
3 5 19
4 6 9 17
5 7
0 6 8
7 9
5 8 10
9 11
10 12
11 13
1 12 14
13 15
14 16
15 17
5 16 18
17 19
4 18

20
1 7 8
0 2 14
1 3
2 4
3 5
4 6
5 7
0 6 8
0 7 9
8 10 14
9 11
10 12
11 13
12 14
1 9 13 15
14 16
15 17
16 18
17 19
18

20
1 6
0 2
1 3
2 4
3 5 11
4 6
0 5 7
6 8
7 9 18
8 10 16
9 11
4 10 12 16
11 13
12 14
13 15
14 16
9 11 15 17
16 18
8 17 19
18

20
1 7
0 2 12
1 3 16
2 4
3 5
4 6 18
5 7
0 6 8
7 9
8 10
9 11 14
10 12
1 11 13
12 14
10 13 15
14 16
2 15 17
16 18
5 17 19
18

20
1
0 2
1 3
2 4
3 5
4 6
5 7
6 8
7 9
8 10
9 11 16 18
10 12 14
11 13
12 14
11 13 15
14 16
10 15 17
16 18
10 17 19
18

20
1 7
0 2 15
1 3
2 4
3 5 17
4 6
5 7
0 6 8
7 9
8 10
9 11
10 12
11 13
12 14
13 15
1 14 16
15 17
4 16 18
17 19
18

20
1 7
0 2
1 3 16
2 4
3 5 10
4 6
5 7 12 18
0 6 8
7 9
8 10
4 9 11
10 12
6 11 13
12 14
13 15
14 16
2 15 17
16 18
6 17 19
18

20
1 7 12 19
0 2
1 3 19
2 4
3 5 16
4 6
5 7
0 6 8
7 9 18
8 10
9 11 18
10 12
0 11 13
12 14
13 15
14 16
4 15 17
16 18
8 10 17 19
0 2 18

20
1 7
0 2
1 3 10
2 4
3 5 12
4 6
5 7
0 6 8
7 9
8 10
2 9 11
10 12
4 11 13
12 14
13 15
14 16
15 17
16 18
17 19
18

20
1 7
0 2 6
1 3
2 4
3 5
4 6
1 5 7 10 14
0 6 8
7 9
8 10 14
6 9 11
10 12
11 13 18
12 14
6 9 13 15
14 16
15 17
16 18
12 17 19
18

20
1 7 9
0 2
1 3
2 4
3 5
4 6
5 7
0 6 8
7 9
0 8 10
9 11
10 12
11 13
12 14
13 15
14 16
15 17
16 18
17 19
18

20
1 7
0 2
1 3
2 4
3 5
4 6
5 7
0 6 8
7 9
8 10
9 11 19
10 12
11 13
12 14
13 15
14 16
15 17
16 18
17 19
10 18

20
1 7
0 2
1 3 7
2 4 15 19
3 5
4 6
5 7
0 2 6 8
7 9
8 10 17
9 11 18
10 12
11 13
12 14
13 15
3 14 16
15 17
9 16 18
10 17 19
3 18

20
1 7
0 2
1 3
2 4
3 5
4 6
5 7 12 16
0 6 8
7 9
8 10
9 11 16
10 12
6 11 13
12 14
13 15
14 16
6 10 15 17
16 18
17 19
18

20
1 5 7
0 2
1 3
2 4 16
3 5
0 4 6
5 7
0 6 8 14 18
7 9
8 10
9 11
10 12
11 13
12 14
7 13 15
14 16
3 15 17
16 18
7 17 19
18

20
1 7
0 2
1 3
2 4
3 5
4 6 17
5 7 11
0 6 8
7 9
8 10
9 11
6 10 12
11 13
12 14 19
13 15
14 16
15 17
5 16 18
17 19
13 18

20
1 7
0 2
1 3
2 4
3 5
4 6
5 7
0 6 8
7 9 14 17
8 10 18
9 11
10 12
11 13
12 14
8 13 15
14 16
15 17
8 16 18
9 17 19
18

20
1 7 18
0 2
1 3 15
2 4 10
3 5 18
4 6
5 7
0 6 8
7 9
8 10
3 9 11
10 12
11 13
12 14
13 15
2 14 16
15 17
16 18
0 4 17 19
18

20
1 7
0 2
1 3
2 4
3 5 18
4 6 13
5 7
0 6 8
7 9
8 10
9 11
10 12
11 13
5 12 14
13 15
14 16
15 17
16 18
4 17 19
18

20
1 5 7
0 2
1 3
2 4
3 5
0 4 6 18
5 7 14
0 6 8
7 9
8 10 17
9 11
10 12
11 13
12 14
6 13 15
14 16
15 17
9 16 18
5 17 19
18

20
1 7
0 2
1 3
2 4
3 5
4 6
5 7
0 6 8
7 9
8 10
9 11 14
10 12
11 13
12 14
10 13 15
14 16
15 17
16 18
17 19
18

20
1 7
0 2
1 3
2 4
3 5
4 6 19
5 7
0 6 8
7 9
8 10
9 11
10 12
11 13 18
12 14
13 15
14 16
15 17
16 18
12 17 19
5 18

20
1 7
0 2
1 3
2 4
3 5 18
4 6
5 7
0 6 8
7 9
8 10
9 11
10 12
11 13
12 14
13 15
14 16
15 17
16 18
4 17 19
18

20
1 7
0 2
1 3
2 4 13 16
3 5
4 6
5 7
0 6 8 11
7 9
8 10
9 11 14
7 10 12
11 13
3 12 14
10 13 15
14 16
3 15 17
16 18
17 19
18

20
1 7 19
0 2
1 3
2 4
3 5
4 6
5 7 19
0 6 8
7 9
8 10
9 11
10 12
11 13
12 14
13 15
14 16
15 17
16 18
17 19
0 6 18

20
1 7
0 2 8
1 3
2 4
3 5 11
4 6
5 7 17
0 6 8
1 7 9
8 10
9 11
4 10 12
11 13
12 14
13 15
14 16
15 17
6 16 18
17 19
18

20
1 7
0 2
1 3
2 4 11
3 5
4 6
5 7
0 6 8
7 9
8 10
9 11
3 10 12
11 13
12 14
13 15
14 16
15 17
16 18
17 19
18

20
1 7
0 2 7
1 3
2 4
3 5
4 6
5 7 14
0 1 6 8 15
7 9 17
8 10 19
9 11
10 12
11 13
12 14
6 13 15
7 14 16
15 17
8 16 18
17 19
9 18

20
1 7
0 2
1 3
2 4 14
3 5 13
4 6 13 15
5 7
0 6 8
7 9
8 10
9 11
10 12
11 13
4 5 12 14
3 13 15
5 14 16
15 17
16 18
17 19
18

20
1 7 8
0 2
1 3 17
2 4
3 5 13
4 6
5 7
0 6 8
0 7 9
8 10 13
9 11 17 18
10 12
11 13
4 9 12 14
13 15
14 16
15 17
2 10 16 18
10 17 19
18

20
1 7 14
0 2
1 3
2 4
3 5
4 6
5 7
0 6 8
7 9
8 10
9 11
10 12
11 13
12 14
0 13 15
14 16
15 17
16 18
17 19
18

20
1 7 18
0 2
1 3 13
2 4 6
3 5
4 6
3 5 7 18
0 6 8
7 9
8 10
9 11
10 12
11 13
2 12 14
13 15
14 16
15 17
16 18
0 6 17 19
18

20
1 7
0 2 11
1 3
2 4
3 5 13
4 6 12
5 7
0 6 8
7 9
8 10
9 11
1 10 12
5 11 13
4 12 14 19
13 15
14 16
15 17
16 18
17 19
13 18

20
1 7
0 2
1 3
2 4 13
3 5 15
4 6 13
5 7
0 6 8
7 9
8 10
9 11
10 12
11 13
3 5 12 14
13 15
4 14 16
15 17
16 18
17 19
18

20
1 7
0 2 14
1 3
2 4
3 5
4 6 13
5 7 14
0 6 8
7 9
8 10
9 11
10 12
11 13
5 12 14
1 6 13 15
14 16
15 17
16 18
17 19
18

20
1 7
0 2
1 3 14 15
2 4
3 5
4 6
5 7
0 6 8
7 9
8 10
9 11
10 12
11 13
12 14 18
2 13 15
2 14 16
15 17
16 18
13 17 19
18

20
1 7
0 2 11
1 3
2 4
3 5
4 6 17
5 7
0 6 8
7 9
8 10
9 11 17
1 10 12
11 13 16
12 14 19
13 15
14 16
12 15 17
5 10 16 18
17 19
13 18

20
1 7 13
0 2
1 3 8 10
2 4
3 5
4 6
5 7 10
0 6 8
2 7 9
8 10
2 6 9 11
10 12
11 13
0 12 14
13 15
14 16
15 17
16 18
17 19
18

20
1 7
0 2 5
1 3
2 4
3 5
1 4 6
5 7
0 6 8
7 9
8 10
9 11
10 12
11 13
12 14
13 15
14 16
15 17
16 18
17 19
18

20
1 6 7
0 2
1 3 12
2 4 10
3 5
4 6
0 5 7 10
0 6 8
7 9 15
8 10
3 6 9 11
10 12
2 11 13
12 14
13 15
8 14 16
15 17
16 18
17 19
18

20
1 6 7
0 2
1 3 7
2 4 17
3 5
4 6 15
0 5 7 13
0 2 6 8
7 9
8 10
9 11
10 12
11 13
6 12 14
13 15
5 14 16
15 17
3 16 18
17 19
18

20
1 7
0 2 5 17
1 3
2 4
3 5 9
1 4 6
5 7
0 6 8
7 9
4 8 10
9 11
10 12 15
11 13
12 14
13 15
11 14 16
15 17
1 16 18
17 19
18

20
1 7
0 2
1 3
2 4
3 5
4 6
5 7 17
0 6 8 14
7 9
8 10
9 11
10 12
11 13
12 14
7 13 15
14 16
15 17
6 16 18
17 19
18

20
1 7
0 2
1 3
2 4
3 5 17
4 6
5 7
0 6 8
7 9
8 10
9 11
10 12
11 13
12 14
13 15
14 16
15 17
4 16 18
17 19
18

20
1 7 17
0 2 13
1 3
2 4
3 5 13
4 6
5 7
0 6 8
7 9
8 10
9 11
10 12 17
11 13
1 4 12 14
13 15
14 16
15 17
0 11 16 18
17 19
18

20
1 7
0 2 6
1 3
2 4 11
3 5 19
4 6
1 5 7 17
0 6 8
7 9
8 10
9 11
3 10 12
11 13
12 14
13 15
14 16
15 17
6 16 18
17 19
4 18

20
1 7 12
0 2
1 3
2 4
3 5
4 6
5 7
0 6 8
7 9
8 10
9 11
10 12
0 11 13 18
12 14
13 15
14 16
15 17
16 18
12 17 19
18

20
1 7
0 2
1 3 6
2 4
3 5
4 6
2 5 7
0 6 8
7 9
8 10
9 11
10 12
11 13
12 14
13 15
14 16
15 17
16 18
17 19
18

20
1 7
0 2
1 3
2 4
3 5
4 6
5 7
0 6 8
7 9
8 10
9 11
10 12
11 13
12 14
13 15
14 16
15 17
16 18
17 19
18

20
1 7
0 2
1 3
2 4
3 5
4 6
5 7 13
0 6 8 14
7 9
8 10
9 11
10 12
11 13
6 12 14
7 13 15 18
14 16
15 17
16 18
14 17 19
18

20
1 7
0 2
1 3
2 4 12 15 17
3 5
4 6
5 7 15
0 6 8
7 9 15
8 10
9 11
10 12
3 11 13
12 14
13 15
3 6 8 14 16
15 17
3 16 18
17 19
18

20
1 7
0 2 18
1 3 9 10
2 4 13
3 5
4 6
5 7
0 6 8
7 9
2 8 10
2 9 11
10 12
11 13
3 12 14
13 15
14 16
15 17
16 18
1 17 19
18

20
1 7 18
0 2 13 15
1 3
2 4
3 5
4 6
5 7
0 6 8 11
7 9 18
8 10
9 11
7 10 12
11 13
1 12 14
13 15
1 14 16
15 17
16 18
0 8 17 19
18

20
1 7
0 2
1 3 6
2 4
3 5 10
4 6 10
2 5 7
0 6 8
7 9
8 10
4 5 9 11
10 12
11 13
12 14
13 15
14 16
15 17
16 18
17 19
18

20
1 7
0 2
1 3 18
2 4 13
3 5
4 6
5 7
0 6 8
7 9
8 10 15
9 11
10 12
11 13
3 12 14
13 15
9 14 16
15 17
16 18
2 17 19
18

20
1 7
0 2 13
1 3
2 4
3 5 14
4 6
5 7
0 6 8 15
7 9 16
8 10
9 11 19
10 12
11 13
1 12 14
4 13 15
7 14 16
8 15 17
16 18
17 19
10 18

20
1 7 18
0 2
1 3 14
2 4
3 5 9
4 6 18
5 7 17
0 6 8
7 9
4 8 10
9 11
10 12
11 13
12 14
2 13 15
14 16
15 17
6 16 18
0 5 17 19
18

20
1 7
0 2
1 3
2 4
3 5 8
4 6
5 7 19
0 6 8
4 7 9 18
8 10
9 11
10 12
11 13
12 14
13 15
14 16
15 17
16 18
8 17 19
6 18

20
1 7
0 2 11
1 3 12
2 4 15
3 5
4 6 13
5 7
0 6 8
7 9
8 10 14
9 11
1 10 12
2 11 13
5 12 14
9 13 15
3 14 16
15 17
16 18
17 19
18

20
1 4 7
0 2 14
1 3
2 4
0 3 5
4 6
5 7 11
0 6 8
7 9
8 10 13
9 11
6 10 12
11 13
9 12 14
1 13 15
14 16
15 17
16 18
17 19
18

20
1 7
0 2
1 3 19
2 4 15
3 5
4 6
5 7
0 6 8
7 9
8 10
9 11 19
10 12 16
11 13
12 14
13 15
3 14 16
11 15 17
16 18
17 19
2 10 18

20
1 7
0 2
1 3
2 4
3 5 14
4 6
5 7
0 6 8
7 9
8 10 15
9 11
10 12 18
11 13 17
12 14
4 13 15
9 14 16
15 17
12 16 18
11 17 19
18

20
1 7
0 2 17
1 3
2 4
3 5 11
4 6
5 7
0 6 8
7 9
8 10
9 11
4 10 12
11 13
12 14
13 15
14 16
15 17
1 16 18
17 19
18

20
1 5 7
0 2
1 3
2 4
3 5
0 4 6
5 7
0 6 8 18
7 9
8 10
9 11
10 12
11 13
12 14
13 15
14 16
15 17
16 18
7 17 19
18

20
1 7 10
0 2 14
1 3
2 4
3 5
4 6
5 7
0 6 8
7 9
8 10
0 9 11
10 12 17
11 13
12 14
1 13 15
14 16
15 17
11 16 18
17 19
18

20
1 7
0 2 12
1 3
2 4
3 5 14
4 6
5 7
0 6 8
7 9
8 10
9 11
10 12
1 11 13
12 14
4 13 15
14 16
15 17
16 18
17 19
18

20
1 7
0 2
1 3
2 4 12
3 5
4 6
5 7
0 6 8
7 9
8 10
9 11
10 12
3 11 13
12 14
13 15
14 16
15 17
16 18
17 19
18

20
1 7 13
0 2
1 3
2 4
3 5 16
4 6 12
5 7
0 6 8
7 9
8 10
9 11
10 12
5 11 13
0 12 14
13 15
14 16
4 15 17
16 18
17 19
18

20
1 7
0 2
1 3 9
2 4
3 5
4 6
5 7
0 6 8
7 9
2 8 10
9 11
10 12
11 13
12 14
13 15
14 16
15 17
16 18
17 19
18

20
1 7
0 2
1 3
2 4
3 5 19
4 6
5 7 17
0 6 8
7 9
8 10
9 11
10 12
11 13
12 14
13 15
14 16
15 17
6 16 18
17 19
4 18

20
1 7
0 2
1 3
2 4
3 5 17
4 6
5 7
0 6 8
7 9
8 10
9 11
10 12 16
11 13
12 14
13 15
14 16
11 15 17
4 16 18
17 19
18

20
1 7 14
0 2 5 10
1 3
2 4 19
3 5
1 4 6
5 7 11
0 6 8 14
7 9
8 10
1 9 11
6 10 12
11 13
12 14
0 7 13 15
14 16
15 17
16 18
17 19
3 18

20
1 7 16
0 2 19
1 3 9
2 4
3 5
4 6
5 7
0 6 8 16 19
7 9
2 8 10 16
9 11
10 12
11 13
12 14
13 15
14 16
0 7 9 15 17
16 18
17 19
1 7 18

20
1 6 7
0 2
1 3
2 4
3 5
4 6
0 5 7
0 6 8
7 9
8 10
9 11
10 12
11 13
12 14 19
13 15
14 16
15 17
16 18
17 19
13 18

20
1 7 10
0 2
1 3
2 4 9
3 5 12 18
4 6
5 7
0 6 8
7 9
3 8 10
0 9 11
10 12
4 11 13
12 14
13 15
14 16
15 17
16 18
4 17 19
18

20
1
0 2 15
1 3
2 4 11 15 19
3 5
4 6
5 7
6 8
7 9
8 10 17
9 11 14
3 10 12
11 13
12 14
10 13 15
1 3 14 16
15 17
9 16 18
17 19
3 18

20
1 7
0 2
1 3 17
2 4
3 5 15
4 6
5 7
0 6 8
7 9 15
8 10 15
9 11
10 12
11 13
12 14 18
13 15
4 8 9 14 16
15 17
2 16 18
13 17 19
18

20
1 7 16
0 2
1 3
2 4
3 5 18
4 6
5 7
0 6 8
7 9
8 10
9 11
10 12
11 13
12 14
13 15
14 16
0 15 17
16 18
4 17 19
18

20
1 7
0 2
1 3
2 4 10
3 5
4 6
5 7 11 13
0 6 8
7 9
8 10
3 9 11
6 10 12
11 13
6 12 14
13 15
14 16
15 17
16 18
17 19
18

20
1 7
0 2 7
1 3
2 4 16
3 5 17
4 6
5 7
0 1 6 8
7 9
8 10
9 11
10 12
11 13
12 14
13 15
14 16
3 15 17
4 16 18
17 19
18

20
1 7
0 2
1 3
2 4
3 5
4 6
5 7
0 6 8
7 9
8 10
9 11
10 12 15
11 13
12 14
13 15
11 14 16
15 17
16 18
17 19
18

20
1 7
0 2 8
1 3
2 4
3 5
4 6
5 7
0 6 8
1 7 9
8 10
9 11
10 12
11 13
12 14
13 15 19
14 16
15 17
16 18
17 19
14 18

20
1 7
0 2 15
1 3
2 4
3 5
4 6
5 7 15
0 6 8
7 9
8 10
9 11
10 12
11 13
12 14
13 15
1 6 14 16
15 17
16 18
17 19
18

20
1 7
0 2 9
1 3 11
2 4
3 5 17
4 6
5 7
0 6 8
7 9
1 8 10
9 11
2 10 12
11 13
12 14
13 15
14 16
15 17
4 16 18
17 19
18

20
1 7
0 2 11
1 3
2 4
3 5
4 6
5 7
0 6 8
7 9
8 10 13
9 11 16
1 10 12
11 13
9 12 14
13 15
14 16
10 15 17
16 18
17 19
18

20
1 7
0 2
1 3
2 4
3 5
4 6 11 17
5 7
0 6 8
7 9
8 10
9 11
5 10 12
11 13
12 14
13 15
14 16
15 17
5 16 18
17 19
18

20
1 7
0 2
1 3
2 4 17
3 5
4 6
5 7
0 6 8
7 9
8 10
9 11 15
10 12
11 13
12 14
13 15
10 14 16
15 17
3 16 18
17 19
18

20
1 7
0 2
1 3
2 4
3 5
4 6
5 7
0 6 8
7 9
8 10
9 11
10 12
11 13
12 14
13 15
14 16
15 17
16 18
17 19
18

20
1 7
0 2
1 3
2 4 17
3 5 8
4 6
5 7 17
0 6 8
4 7 9
8 10
9 11
10 12
11 13 17
12 14
13 15
14 16
15 17
3 6 12 16 18
17 19
18

20
1 7
0 2 17
1 3
2 4
3 5
4 6
5 7
0 6 8
7 9 14
8 10
9 11
10 12
11 13
12 14
8 13 15
14 16
15 17
1 16 18
17 19
18

20
1 7 10
0 2
1 3
2 4 8 10
3 5
4 6
5 7
0 6 8
3 7 9
8 10
0 3 9 11
10 12
11 13
12 14
13 15
14 16
15 17
16 18
17 19
18

20
1 7
0 2 11
1 3
2 4
3 5 17
4 6
5 7 16
0 6 8
7 9
8 10 17
9 11
1 10 12
11 13
12 14
13 15
14 16
6 15 17
4 9 16 18
17 19
18

20
1 7
0 2 13
1 3
2 4
3 5 12
4 6
5 7
0 6 8
7 9
8 10
9 11
10 12
4 11 13 17
1 12 14 17
13 15
14 16
15 17
12 13 16 18
17 19
18

20
1 5 7
0 2
1 3
2 4 9
3 5 14
0 4 6
5 7
0 6 8
7 9
3 8 10
9 11
10 12
11 13
12 14
4 13 15
14 16
15 17
16 18
17 19
18

20
1 7
0 2
1 3
2 4
3 5
4 6
5 7
0 6 8
7 9
8 10
9 11
10 12
11 13 17
12 14
13 15
14 16
15 17
12 16 18
17 19
18

20
1 7 12
0 2
1 3 13
2 4
3 5
4 6
5 7
0 6 8 19
7 9
8 10
9 11
10 12
0 11 13
2 12 14
13 15
14 16
15 17
16 18
17 19
7 18

20
1 7 9
0 2
1 3 17
2 4
3 5
4 6 16
5 7
0 6 8
7 9
0 8 10
9 11
10 12
11 13
12 14
13 15
14 16
5 15 17
2 16 18
17 19
18

20
1 6 7
0 2
1 3 17
2 4
3 5
4 6 11
0 5 7
0 6 8
7 9
8 10
9 11
5 10 12
11 13
12 14
13 15
14 16
15 17
2 16 18
17 19
18

20
1 7
0 2
1 3
2 4 13
3 5
4 6
5 7
0 6 8
7 9 17
8 10
9 11 14
10 12
11 13
3 12 14
10 13 15
14 16
15 17
8 16 18
17 19
18

20
1 7
0 2 11
1 3 10
2 4 9
3 5 14
4 6
5 7
0 6 8
7 9
3 8 10
2 9 11
1 10 12
11 13 18
12 14
4 13 15
14 16
15 17
16 18
12 17 19
18

20
1 7
0 2
1 3
2 4
3 5
4 6
5 7
0 6 8
7 9
8 10
9 11 14
10 12
11 13
12 14
10 13 15
14 16
15 17
16 18
17 19
18

20
1 7
0 2
1 3 9
2 4
3 5 9 18
4 6 14
5 7
0 6 8 12
7 9 18
2 4 8 10
9 11
10 12
7 11 13
12 14
5 13 15
14 16
15 17
16 18
4 8 17 19
18

20
1 7
0 2
1 3
2 4
3 5
4 6
5 7
0 6 8 12
7 9 18
8 10
9 11
10 12 17
7 11 13
12 14
13 15
14 16
15 17
11 16 18
8 17 19
18

20
1 7
0 2
1 3
2 4
3 5 8 12
4 6
5 7 11
0 6 8
4 7 9
8 10
9 11
6 10 12
4 11 13
12 14
13 15
14 16
15 17
16 18
17 19
18

20
1 7
0 2
1 3
2 4
3 5
4 6
5 7
0 6 8
7 9 16 18
8 10
9 11 14
10 12
11 13
12 14
10 13 15
14 16
8 15 17
16 18
8 17 19
18

20
1 7
0 2
1 3
2 4
3 5
4 6 14 16
5 7
0 6 8
7 9 14
8 10
9 11 15
10 12
11 13
12 14
5 8 13 15
10 14 16
5 15 17
16 18
17 19
18

20
1 7
0 2
1 3
2 4
3 5
4 6
5 7 16
0 6 8
7 9
8 10
9 11
10 12
11 13
12 14
13 15
14 16
6 15 17
16 18
17 19
18

20
1 7
0 2 6 7
1 3
2 4
3 5 17
4 6
1 5 7 11
0 1 6 8
7 9
8 10
9 11
6 10 12
11 13
12 14 18
13 15
14 16
15 17
4 16 18
13 17 19
18

20
1 7 16
0 2 8
1 3
2 4
3 5
4 6
5 7
0 6 8
1 7 9
8 10
9 11
10 12
11 13
12 14
13 15
14 16
0 15 17
16 18
17 19
18

20
1 7 18
0 2 18
1 3
2 4
3 5
4 6 11 13
5 7
0 6 8
7 9 19
8 10
9 11
5 10 12
11 13
5 12 14
13 15
14 16
15 17
16 18
0 1 17 19
8 18

20
1 7
0 2
1 3
2 4
3 5
4 6
5 7 14
0 6 8 19
7 9
8 10
9 11 17
10 12
11 13
12 14
6 13 15
14 16
15 17
10 16 18
17 19
7 18

20
1 7
0 2
1 3
2 4
3 5
4 6
5 7
0 6 8
7 9
8 10
9 11 17
10 12 19
11 13
12 14
13 15
14 16
15 17
10 16 18
17 19
11 18

20
1 7
0 2 8
1 3 12
2 4
3 5
4 6
5 7 10
0 6 8
1 7 9 18
8 10
6 9 11
10 12
2 11 13
12 14
13 15
14 16
15 17
16 18
8 17 19
18

20
1 7
0 2
1 3 11
2 4
3 5
4 6
5 7 16
0 6 8
7 9 15
8 10
9 11
2 10 12
11 13
12 14
13 15
8 14 16
6 15 17
16 18
17 19
18

20
1 6 7
0 2
1 3
2 4 16
3 5
4 6 16
0 5 7
0 6 8
7 9
8 10
9 11
10 12
11 13
12 14
13 15 18
14 16
3 5 15 17
16 18
14 17 19
18

20
1 7 18
0 2 6
1 3 19
2 4 14 19
3 5
4 6
1 5 7 13
0 6 8
7 9
8 10
9 11
10 12
11 13
6 12 14
3 13 15
14 16
15 17
16 18
0 17 19
2 3 18

20
1 7
0 2
1 3
2 4
3 5
4 6
5 7
0 6 8
7 9
8 10
9 11
10 12 15 19
11 13
12 14
13 15
11 14 16
15 17
16 18
17 19
11 18

20
1 7
0 2
1 3
2 4
3 5 14
4 6
5 7
0 6 8 15 19
7 9
8 10
9 11
10 12
11 13
12 14
4 13 15
7 14 16
15 17
16 18
17 19
7 18

20
1 7
0 2
1 3
2 4
3 5
4 6
5 7
0 6 8
7 9
8 10
9 11
10 12
11 13
12 14
13 15
14 16
15 17
16 18
17 19
18

20
1 7
0 2
1 3
2 4
3 5 10
4 6
5 7
0 6 8
7 9
8 10
4 9 11 17
10 12
11 13
12 14
13 15
14 16
15 17
10 16 18
17 19
18

20
1 7
0 2
1 3 8
2 4
3 5
4 6
5 7 12
0 6 8
2 7 9
8 10
9 11
10 12
6 11 13
12 14
13 15
14 16
15 17
16 18
17 19
18

20
1 7 10
0 2 11
1 3 15
2 4
3 5
4 6
5 7
0 6 8
7 9
8 10
0 9 11
1 10 12
11 13
12 14
13 15
2 14 16
15 17
16 18
17 19
18

20
1 7
0 2
1 3
2 4
3 5
4 6 9
5 7
0 6 8
7 9 17
5 8 10 19
9 11
10 12
11 13
12 14
13 15 19
14 16
15 17
8 16 18
17 19
9 14 18

20
1 4 7 11
0 2
1 3
2 4
0 3 5
4 6
5 7
0 6 8
7 9
8 10
9 11
0 10 12 19
11 13
12 14
13 15
14 16
15 17
16 18
17 19
11 18

20
1 5 7
0 2
1 3
2 4
3 5 10
0 4 6
5 7
0 6 8 18
7 9
8 10
4 9 11
10 12 19
11 13
12 14
13 15
14 16
15 17
16 18
7 17 19
11 18

20
1 7
0 2
1 3
2 4
3 5 11
4 6
5 7
0 6 8
7 9 16
8 10
9 11
4 10 12
11 13 18
12 14
13 15
14 16
8 15 17
16 18
12 17 19
18

20
1 7
0 2
1 3
2 4
3 5
4 6
5 7
0 6 8
7 9
8 10
9 11
10 12
11 13
12 14
13 15
14 16
15 17
16 18
17 19
18

20
1 7
0 2
1 3
2 4
3 5
4 6 14
5 7
0 6 8 18
7 9
8 10
9 11
10 12
11 13 16
12 14
5 13 15
14 16
12 15 17
16 18
7 17 19
18

20
1 7
0 2
1 3 6
2 4 15
3 5
4 6
2 5 7
0 6 8 17
7 9
8 10
9 11
10 12
11 13
12 14
13 15
3 14 16
15 17
7 16 18
17 19
18

20
1 7 9
0 2 15
1 3 7 17
2 4
3 5
4 6
5 7
0 2 6 8
7 9
0 8 10
9 11
10 12
11 13
12 14
13 15
1 14 16
15 17
2 16 18
17 19
18

20
1 7
0 2
1 3
2 4 17
3 5
4 6
5 7
0 6 8
7 9
8 10
9 11
10 12 14 16
11 13
12 14
11 13 15
14 16
11 15 17
3 16 18
17 19
18

20
1 7
0 2
1 3
2 4 15
3 5
4 6
5 7
0 6 8 15
7 9
8 10
9 11
10 12
11 13 17
12 14
13 15
3 7 14 16
15 17
12 16 18
17 19
18

20
1 7
0 2
1 3 18
2 4
3 5
4 6
5 7
0 6 8
7 9 18
8 10 16
9 11
10 12
11 13
12 14
13 15
14 16
9 15 17
16 18
2 8 17 19
18

20
1 7
0 2 17 19
1 3
2 4
3 5
4 6
5 7 14
0 6 8
7 9
8 10
9 11
10 12
11 13
12 14
6 13 15
14 16
15 17
1 16 18
17 19
1 18

20
1 7
0 2
1 3 15
2 4 8
3 5 10
4 6 15
5 7
0 6 8
3 7 9
8 10
4 9 11
10 12
11 13
12 14
13 15
2 5 14 16
15 17
16 18
17 19
18

20
1 7
0 2
1 3
2 4
3 5
4 6
5 7 13
0 6 8
7 9
8 10
9 11
10 12
11 13
6 12 14
13 15
14 16
15 17
16 18
17 19
18

20
1 7 13
0 2 16
1 3
2 4
3 5
4 6 10
5 7
0 6 8
7 9
8 10
5 9 11
10 12
11 13
0 12 14
13 15
14 16
1 15 17
16 18
17 19
18

20
1 7
0 2
1 3
2 4
3 5
4 6
5 7 15
0 6 8
7 9
8 10
9 11
10 12
11 13
12 14
13 15
6 14 16
15 17
16 18
17 19
18

20
1 7 19
0 2
1 3
2 4
3 5
4 6 14
5 7
0 6 8
7 9 13
8 10
9 11
10 12
11 13
8 12 14
5 13 15
14 16
15 17
16 18
17 19
0 18

20
1 7 19
0 2
1 3
2 4
3 5 17
4 6 13
5 7
0 6 8
7 9
8 10 17
9 11
10 12
11 13
5 12 14
13 15
14 16
15 17
4 9 16 18
17 19
0 18

20
1 4 7
0 2
1 3
2 4
0 3 5
4 6
5 7 13
0 6 8
7 9
8 10
9 11 14 17
10 12
11 13
6 12 14
10 13 15
14 16
15 17
10 16 18
17 19
18

20
1 6 7
0 2
1 3
2 4
3 5
4 6 11
0 5 7
0 6 8
7 9
8 10 13
9 11
5 10 12
11 13
9 12 14
13 15
14 16 19
15 17
16 18
17 19
15 18

20
1 7 14
0 2
1 3
2 4
3 5
4 6
5 7 15
0 6 8
7 9
8 10
9 11
10 12
11 13
12 14
0 13 15
6 14 16
15 17
16 18
17 19
18

20
1 7 8
0 2 16
1 3
2 4
3 5 17
4 6
5 7
0 6 8 15
0 7 9 18
8 10
9 11
10 12
11 13
12 14
13 15
7 14 16
1 15 17
4 16 18
8 17 19
18

20
1 7
0 2
1 3 9
2 4
3 5 11
4 6
5 7
0 6 8
7 9
2 8 10 17
9 11
4 10 12
11 13
12 14
13 15
14 16
15 17
9 16 18
17 19
18

20
1 7
0 2 7
1 3 13
2 4
3 5
4 6
5 7
0 1 6 8
7 9
8 10 14
9 11
10 12 15
11 13
2 12 14
9 13 15 18
11 14 16
15 17
16 18
14 17 19
18

20
1 7
0 2 18
1 3
2 4
3 5 15
4 6 17
5 7 18
0 6 8
7 9
8 10
9 11
10 12
11 13
12 14
13 15
4 14 16
15 17
5 16 18
1 6 17 19
18

20
1 7
0 2 12
1 3 19
2 4
3 5 9 19
4 6
5 7
0 6 8
7 9
4 8 10
9 11
10 12
1 11 13
12 14
13 15
14 16
15 17
16 18
17 19
2 4 18

20
1 7
0 2
1 3
2 4
3 5 19
4 6 10
5 7 12
0 6 8 12
7 9
8 10 17
5 9 11
10 12
6 7 11 13
12 14
13 15
14 16
15 17
9 16 18
17 19
4 18

20
1 4 7 16
0 2 7
1 3
2 4
0 3 5
4 6
5 7
0 1 6 8
7 9 16
8 10
9 11
10 12
11 13
12 14
13 15
14 16
0 8 15 17
16 18
17 19
18

20
1 7
0 2
1 3 7
2 4
3 5 17
4 6
5 7 15
0 2 6 8
7 9
8 10
9 11 18
10 12
11 13
12 14
13 15
6 14 16
15 17
4 16 18
10 17 19
18

20
1 7
0 2 11
1 3 12 15
2 4
3 5
4 6
5 7
0 6 8
7 9
8 10
9 11
1 10 12
2 11 13
12 14
13 15
2 14 16
15 17
16 18
17 19
18

20
1 7
0 2 8
1 3
2 4
3 5
4 6
5 7 18
0 6 8
1 7 9
8 10
9 11
10 12 18
11 13
12 14
13 15
14 16
15 17
16 18
6 11 17 19
18

20
1 7
0 2 7 9 13
1 3 13
2 4
3 5
4 6
5 7
0 1 6 8
7 9
1 8 10
9 11
10 12 19
11 13
1 2 12 14
13 15
14 16
15 17
16 18
17 19
11 18

20
1 7 12 17
0 2
1 3 8
2 4
3 5
4 6
5 7
0 6 8 18
2 7 9
8 10
9 11
10 12
0 11 13
12 14
13 15
14 16
15 17
0 16 18
7 17 19
18

20
1 7
0 2
1 3
2 4
3 5
4 6
5 7
0 6 8
7 9
8 10
9 11
10 12
11 13 17
12 14
13 15
14 16
15 17
12 16 18
17 19
18

20
1 7
0 2 15
1 3
2 4
3 5
4 6
5 7
0 6 8
7 9
8 10
9 11 14
10 12
11 13 16
12 14
10 13 15
1 14 16
12 15 17
16 18
17 19
18

20
1 7
0 2
1 3
2 4
3 5
4 6 12
5 7 17
0 6 8
7 9
8 10 15
9 11
10 12
5 11 13
12 14 17
13 15
9 14 16
15 17
6 13 16 18
17 19
18

20
1 10
0 2 14 15
1 3
2 4
3 5
4 6
5 7
6 8 17
7 9
8 10
0 9 11 17
10 12 18
11 13
12 14 18
1 13 15
1 14 16
15 17
7 10 16 18
11 13 17 19
18

20
1 7
0 2
1 3
2 4
3 5
4 6 17
5 7 19
0 6 8
7 9 14 15
8 10
9 11
10 12
11 13
12 14
8 13 15
8 14 16
15 17
5 16 18
17 19
6 18

20
1 7
0 2
1 3
2 4 8
3 5
4 6
5 7
0 6 8
3 7 9
8 10
9 11
10 12 18
11 13
12 14
13 15
14 16
15 17
16 18
11 17 19
18

20
1 7
0 2 14
1 3 16 18
2 4 9
3 5
4 6
5 7
0 6 8
7 9 13
3 8 10
9 11
10 12
11 13
8 12 14
1 13 15
14 16
2 15 17
16 18
2 17 19
18

20
1 7
0 2
1 3
2 4
3 5
4 6
5 7 18
0 6 8
7 9
8 10
9 11
10 12
11 13
12 14
13 15
14 16
15 17
16 18
6 17 19
18

20
1 7
0 2
1 3 15
2 4
3 5 8
4 6
5 7 18
0 6 8
4 7 9
8 10
9 11
10 12
11 13
12 14
13 15
2 14 16
15 17
16 18
6 17 19
18

20
1 7 15
0 2
1 3
2 4
3 5
4 6
5 7
0 6 8
7 9
8 10
9 11
10 12
11 13
12 14
13 15
0 14 16
15 17
16 18
17 19
18

20
1 7 16
0 2
1 3
2 4
3 5
4 6 18
5 7
0 6 8 12
7 9
8 10
9 11
10 12
7 11 13
12 14
13 15
14 16
0 15 17
16 18
5 17 19
18

20
1 7
0 2
1 3
2 4 15
3 5
4 6
5 7
0 6 8
7 9
8 10
9 11
10 12
11 13 17
12 14
13 15
3 14 16
15 17
12 16 18
17 19
18

20
1 7
0 2
1 3
2 4
3 5
4 6
5 7 16
0 6 8
7 9
8 10 15
9 11
10 12
11 13
12 14
13 15
9 14 16
6 15 17
16 18
17 19
18

20
1 7
0 2
1 3
2 4
3 5 10
4 6
5 7 19
0 6 8
7 9
8 10 15
4 9 11
10 12
11 13
12 14
13 15
9 14 16
15 17
16 18
17 19
6 18

20
1 7 9
0 2
1 3
2 4
3 5 14
4 6 11
5 7 16
0 6 8
7 9
0 8 10
9 11 16
5 10 12
11 13
12 14
4 13 15
14 16
6 10 15 17
16 18
17 19
18

20
1 7 14 18
0 2
1 3
2 4
3 5
4 6
5 7
0 6 8 15 18
7 9 16
8 10
9 11
10 12
11 13
12 14
0 13 15
7 14 16
8 15 17
16 18
0 7 17 19
18

20
1 7 15
0 2
1 3
2 4
3 5 11
4 6
5 7 15
0 6 8
7 9
8 10 18
9 11 18
4 10 12
11 13
12 14
13 15
0 6 14 16
15 17
16 18
9 10 17 19
18

20
1 7 15 17
0 2
1 3 15
2 4
3 5 16
4 6 12
5 7
0 6 8
7 9
8 10
9 11
10 12
5 11 13
12 14
13 15
0 2 14 16
4 15 17
0 16 18
17 19
18

20
1 7 8 19
0 2
1 3 12
2 4
3 5 18
4 6
5 7
0 6 8
0 7 9
8 10
9 11
10 12
2 11 13
12 14
13 15
14 16
15 17
16 18
4 17 19
0 18

20
1 7
0 2
1 3
2 4
3 5
4 6 10 11
5 7
0 6 8
7 9
8 10
5 9 11
5 10 12
11 13
12 14
13 15
14 16
15 17
16 18
17 19
18

20
1 7
0 2
1 3
2 4
3 5 13
4 6
5 7
0 6 8
7 9 18
8 10
9 11
10 12 16
11 13 17
4 12 14
13 15
14 16
11 15 17
12 16 18
8 17 19
18

20
1 7 14
0 2 18
1 3
2 4 14
3 5
4 6
5 7
0 6 8
7 9
8 10
9 11
10 12
11 13
12 14 19
0 3 13 15
14 16
15 17
16 18
1 17 19
13 18

20
1 7
0 2
1 3 7
2 4 14
3 5
4 6
5 7
0 2 6 8
7 9
8 10
9 11
10 12
11 13
12 14
3 13 15
14 16
15 17
16 18
17 19
18

20
1 7
0 2
1 3
2 4
3 5 11
4 6
5 7
0 6 8
7 9
8 10
9 11
4 10 12
11 13
12 14
13 15
14 16
15 17
16 18
17 19
18

20
1 7
0 2
1 3
2 4
3 5
4 6 10
5 7
0 6 8 16
7 9 17
8 10
5 9 11
10 12
11 13
12 14
13 15
14 16
7 15 17
8 16 18
17 19
18

20
1 7
0 2
1 3
2 4
3 5 18
4 6
5 7
0 6 8
7 9
8 10
9 11
10 12
11 13
12 14
13 15
14 16
15 17
16 18
4 17 19
18

20
1 7 18
0 2
1 3
2 4
3 5
4 6 12
5 7 15
0 6 8
7 9
8 10 18
9 11
10 12
5 11 13
12 14
13 15
6 14 16
15 17
16 18
0 9 17 19
18

20
1 7
0 2
1 3
2 4
3 5 19
4 6
5 7 17
0 6 8
7 9
8 10
9 11
10 12
11 13
12 14
13 15
14 16
15 17
6 16 18
17 19
4 18

20
1 7 12
0 2
1 3
2 4
3 5
4 6 14
5 7 18
0 6 8
7 9
8 10 17
9 11
10 12
0 11 13
12 14
5 13 15
14 16
15 17
9 16 18
6 17 19
18

20
1 7
0 2
1 3 15
2 4
3 5
4 6
5 7
0 6 8 13
7 9
8 10
9 11
10 12
11 13 18
7 12 14
13 15
2 14 16
15 17
16 18
12 17 19
18

20
1 7 13
0 2
1 3
2 4
3 5
4 6
5 7
0 6 8
7 9
8 10
9 11
10 12
11 13
0 12 14
13 15
14 16
15 17
16 18
17 19
18

20
1 7
0 2
1 3 13
2 4 18
3 5
4 6
5 7
0 6 8
7 9
8 10
9 11
10 12
11 13
2 12 14
13 15
14 16
15 17
16 18
3 17 19
18

20
1 7
0 2
1 3
2 4
3 5
4 6
5 7
0 6 8
7 9
8 10
9 11
10 12
11 13
12 14
13 15
14 16
15 17
16 18
17 19
18

20
1 7 8
0 2 10 17
1 3
2 4
3 5
4 6 15
5 7
0 6 8
0 7 9 13 17
8 10
1 9 11
10 12
11 13
8 12 14
13 15
5 14 16
15 17
1 8 16 18
17 19
18

20
1 7
0 2 11
1 3
2 4
3 5 19
4 6 17
5 7
0 6 8 11
7 9
8 10 18
9 11
1 7 10 12
11 13
12 14
13 15
14 16
15 17
5 16 18
9 17 19
4 18

20
1 7
0 2
1 3 17
2 4 14
3 5 8
4 6
5 7
0 6 8
4 7 9
8 10
9 11
10 12 16
11 13
12 14
3 13 15
14 16
11 15 17
2 16 18
17 19
18

20
1 7 19
0 2
1 3
2 4 14
3 5
4 6
5 7
0 6 8
7 9 12
8 10
9 11
10 12
8 11 13
12 14
3 13 15
14 16
15 17
16 18
17 19
0 18

20
1 7
0 2
1 3
2 4
3 5
4 6
5 7 15
0 6 8
7 9
8 10
9 11
10 12
11 13
12 14 18
13 15
6 14 16
15 17
16 18
13 17 19
18

20
1 7
0 2
1 3
2 4
3 5 10 18
4 6
5 7
0 6 8
7 9
8 10
4 9 11 16
10 12
11 13
12 14
13 15
14 16 19
10 15 17
16 18
4 17 19
15 18

20
1 4 7
0 2
1 3
2 4
0 3 5
4 6
5 7
0 6 8
7 9
8 10
9 11
10 12 16
11 13
12 14
13 15
14 16
11 15 17
16 18
17 19
18

20
1 7 9
0 2 5
1 3 13
2 4 13
3 5
1 4 6
5 7
0 6 8
7 9
0 8 10
9 11
10 12
11 13
2 3 12 14
13 15
14 16
15 17
16 18
17 19
18

20
1 7 14
0 2
1 3
2 4
3 5 8
4 6
5 7
0 6 8
4 7 9
8 10
9 11
10 12
11 13
12 14
0 13 15
14 16
15 17
16 18
17 19
18

20
1 7
0 2 8
1 3
2 4
3 5
4 6
5 7 11
0 6 8
1 7 9
8 10
9 11 15
6 10 12
11 13
12 14
13 15
10 14 16
15 17
16 18
17 19
18

20
1 7 11
0 2 8 9 19
1 3
2 4
3 5 16
4 6
5 7
0 6 8
1 7 9
1 8 10
9 11
0 10 12
11 13
12 14
13 15
14 16
4 15 17
16 18
17 19
1 18

20
1 7
0 2
1 3 12 19
2 4 19
3 5 12
4 6
5 7
0 6 8
7 9
8 10
9 11
10 12
2 4 11 13
12 14
13 15
14 16
15 17
16 18
17 19
2 3 18

20
1 7 18
0 2 17
1 3
2 4 17
3 5 18
4 6
5 7
0 6 8
7 9
8 10
9 11
10 12
11 13
12 14
13 15
14 16
15 17
1 3 16 18
0 4 17 19
18

20
1 5
0 2
1 3
2 4
3 5
0 4 6
5 7
6 8
7 9
8 10
9 11
10 12 16
11 13
12 14 18 19
13 15
14 16
11 15 17
16 18
13 17 19
13 18

20
1 7
0 2 10
1 3
2 4
3 5 15
4 6
5 7
0 6 8
7 9
8 10
1 9 11
10 12
11 13 19
12 14
13 15
4 14 16
15 17
16 18
17 19
12 18

20
1 7
0 2
1 3
2 4
3 5
4 6 11
5 7
0 6 8
7 9
8 10
9 11
5 10 12 18
11 13
12 14 17
13 15
14 16
15 17
13 16 18
11 17 19
18

20
1 7
0 2 5
1 3
2 4
3 5
1 4 6
5 7 14
0 6 8 17
7 9
8 10
9 11
10 12
11 13
12 14
6 13 15
14 16
15 17
7 16 18
17 19
18

20
1 7
0 2
1 3 19
2 4
3 5 9
4 6
5 7 19
0 6 8
7 9
4 8 10 17
9 11 17
10 12
11 13
12 14
13 15
14 16
15 17
9 10 16 18
17 19
2 6 18

20
1 7
0 2 12
1 3
2 4
3 5
4 6
5 7
0 6 8
7 9
8 10
9 11
10 12
1 11 13
12 14
13 15
14 16
15 17
16 18
17 19
18

20
1 7
0 2 14
1 3
2 4 9
3 5 9 11
4 6
5 7 15
0 6 8
7 9
3 4 8 10
9 11
4 10 12
11 13
12 14
1 13 15
6 14 16
15 17
16 18
17 19
18

20
1 7
0 2
1 3
2 4
3 5
4 6
5 7
0 6 8
7 9
8 10
9 11
10 12
11 13
12 14
13 15
14 16
15 17
16 18
17 19
18

20
1 7
0 2
1 3 10
2 4
3 5
4 6 15
5 7
0 6 8 16
7 9
8 10 13
2 9 11
10 12
11 13
9 12 14
13 15
5 14 16
7 15 17
16 18
17 19
18

20
1 7
0 2
1 3
2 4
3 5
4 6
5 7
0 6 8
7 9 16
8 10
9 11
10 12
11 13
12 14
13 15
14 16
8 15 17
16 18
17 19
18

20
1 7
0 2
1 3
2 4 19
3 5
4 6
5 7
0 6 8 12
7 9
8 10 19
9 11
10 12
7 11 13
12 14
13 15
14 16
15 17
16 18
17 19
3 9 18

20
1 7
0 2 7
1 3 9
2 4
3 5 18
4 6
5 7
0 1 6 8
7 9
2 8 10
9 11
10 12
11 13
12 14
13 15
14 16
15 17
16 18
4 17 19
18

20
1 7
0 2
1 3 9
2 4 10 15
3 5 16
4 6
5 7
0 6 8
7 9
2 8 10
3 9 11
10 12 18
11 13 17
12 14
13 15
3 14 16
4 15 17
12 16 18
11 17 19
18

20
1 7 11
0 2 13 19
1 3
2 4
3 5 19
4 6
5 7
0 6 8
7 9
8 10
9 11
0 10 12
11 13
1 12 14
13 15
14 16
15 17
16 18
17 19
1 4 18

20
1 7
0 2 5
1 3
2 4
3 5 13
1 4 6 10
5 7
0 6 8
7 9
8 10
5 9 11
10 12
11 13
4 12 14
13 15
14 16
15 17
16 18
17 19
18

20
1 4 7
0 2 19
1 3
2 4 19
0 3 5
4 6
5 7
0 6 8
7 9
8 10
9 11
10 12
11 13
12 14
13 15
14 16
15 17
16 18
17 19
1 3 18

20
1 7 10
0 2
1 3 12
2 4 11
3 5
4 6
5 7
0 6 8 16
7 9
8 10
0 9 11
3 10 12
2 11 13
12 14
13 15
14 16
7 15 17
16 18
17 19
18

20
1 7 17
0 2
1 3
2 4 11
3 5
4 6
5 7 18
0 6 8 15 16
7 9
8 10
9 11
3 10 12
11 13
12 14
13 15
7 14 16
7 15 17
0 16 18
6 17 19
18

20
1 7
0 2
1 3
2 4
3 5 12
4 6
5 7
0 6 8
7 9 16
8 10
9 11
10 12 15
4 11 13
12 14
13 15
11 14 16
8 15 17
16 18
17 19
18

20
1 7 16
0 2
1 3
2 4 17
3 5
4 6
5 7
0 6 8
7 9
8 10
9 11 15
10 12
11 13 19
12 14
13 15
10 14 16
0 15 17
3 16 18
17 19
12 18

20
1 7
0 2
1 3
2 4
3 5
4 6
5 7
0 6 8
7 9 13
8 10
9 11
10 12
11 13
8 12 14 18
13 15
14 16
15 17
16 18
13 17 19
18

20
1 7 17
0 2
1 3
2 4
3 5
4 6
5 7
0 6 8 17
7 9 16
8 10
9 11
10 12
11 13
12 14
13 15
14 16
8 15 17
0 7 16 18
17 19
18

20
1
0 2 7
1 3
2 4
3 5 12
4 6
5 7
1 6 8
7 9
8 10
9 11
10 12
4 11 13
12 14
13 15
14 16
15 17
16 18
17 19
18

20
1 7
0 2
1 3
2 4 14
3 5
4 6
5 7
0 6 8
7 9 12
8 10
9 11
10 12
8 11 13
12 14
3 13 15
14 16
15 17
16 18
17 19
18

20
1 4 7
0 2 5 9 15
1 3
2 4
0 3 5
1 4 6 8
5 7
0 6 8
5 7 9
1 8 10 17
9 11
10 12
11 13
12 14
13 15
1 14 16
15 17
9 16 18
17 19
18

20
1 4 7 10 14
0 2
1 3
2 4
0 3 5
4 6
5 7
0 6 8 11
7 9
8 10
0 9 11
7 10 12
11 13
12 14
0 13 15
14 16
15 17
16 18
17 19
18

20
1 7 8
0 2
1 3
2 4 13
3 5 18
4 6 18
5 7
0 6 8
0 7 9 13 17 19
8 10
9 11
10 12
11 13
3 8 12 14
13 15
14 16
15 17
8 16 18
4 5 17 19
8 18

20
1 7
0 2 11 13
1 3
2 4
3 5
4 6
5 7 17
0 6 8 16
7 9
8 10
9 11
1 10 12
11 13
1 12 14 18
13 15
14 16
7 15 17
6 16 18
13 17 19
18

20
1 7
0 2
1 3 16
2 4 13
3 5 14
4 6
5 7
0 6 8
7 9 14
8 10
9 11
10 12
11 13
3 12 14
4 8 13 15
14 16
2 15 17
16 18
17 19
18

20
1 7
0 2
1 3
2 4 15
3 5 15
4 6
5 7
0 6 8
7 9
8 10
9 11
10 12
11 13
12 14
13 15
3 4 14 16
15 17
16 18
17 19
18

20
1 7
0 2
1 3
2 4 11
3 5 19
4 6
5 7
0 6 8
7 9
8 10
9 11
3 10 12
11 13
12 14
13 15
14 16
15 17
16 18
17 19
4 18

20
1 7
0 2 13 16
1 3 19
2 4
3 5 11
4 6
5 7
0 6 8
7 9 12
8 10
9 11
4 10 12 19
8 11 13
1 12 14
13 15
14 16
1 15 17
16 18
17 19
2 11 18

20
1 5 7
0 2 18
1 3
2 4 13
3 5
0 4 6 13
5 7
0 6 8 11
7 9
8 10 14
9 11
7 10 12 17
11 13
3 5 12 14
9 13 15
14 16
15 17
11 16 18
1 17 19
18

20
1 7 16
0 2
1 3
2 4
3 5 13 15
4 6
5 7
0 6 8
7 9
8 10
9 11
10 12
11 13
4 12 14
13 15
4 14 16
0 15 17
16 18
17 19
18

20
1 7
0 2
1 3
2 4
3 5
4 6 11
5 7 17
0 6 8
7 9
8 10
9 11
5 10 12
11 13
12 14
13 15
14 16
15 17
6 16 18
17 19
18

20
1 5 7 12
0 2
1 3
2 4
3 5
0 4 6
5 7
0 6 8
7 9
8 10
9 11
10 12
0 11 13
12 14
13 15
14 16
15 17
16 18
17 19
18

20
1 7
0 2
1 3
2 4
3 5
4 6
5 7
0 6 8
7 9
8 10
9 11 16
10 12
11 13
12 14
13 15
14 16
10 15 17
16 18
17 19
18

20
1 7 14
0 2
1 3
2 4
3 5 11
4 6 15
5 7
0 6 8
7 9
8 10
9 11
4 10 12
11 13
12 14
0 13 15 19
5 14 16
15 17
16 18
17 19
14 18

20
1 7 13
0 2
1 3
2 4
3 5 13
4 6
5 7
0 6 8
7 9 19
8 10
9 11
10 12
11 13
0 4 12 14 18
13 15
14 16
15 17
16 18
13 17 19
8 18

20
1 7
0 2
1 3
2 4 8
3 5
4 6
5 7 11
0 6 8
3 7 9 16
8 10
9 11 15
6 10 12
11 13
12 14
13 15
10 14 16
8 15 17
16 18
17 19
18

20
1 7
0 2
1 3 10
2 4
3 5
4 6
5 7
0 6 8
7 9
8 10
2 9 11
10 12
11 13
12 14
13 15
14 16
15 17
16 18
17 19
18

20
1 7 18
0 2 15
1 3
2 4
3 5
4 6
5 7 13
0 6 8
7 9
8 10
9 11
10 12
11 13 17
6 12 14
13 15
1 14 16 19
15 17
12 16 18
0 17 19
15 18

20
1 7 8
0 2
1 3
2 4
3 5
4 6 13
5 7 15
0 6 8
0 7 9
8 10
9 11
10 12
11 13
5 12 14
13 15
6 14 16
15 17
16 18
17 19
18

20
1 4 7
0 2
1 3
2 4
0 3 5
4 6
5 7
0 6 8
7 9
8 10
9 11
10 12
11 13
12 14
13 15
14 16
15 17
16 18
17 19
18

20
1 7
0 2
1 3
2 4
3 5
4 6
5 7
0 6 8
7 9
8 10
9 11
10 12
11 13
12 14 17
13 15
14 16
15 17
13 16 18
17 19
18

20
1 7
0 2
1 3
2 4
3 5 15
4 6
5 7
0 6 8
7 9
8 10
9 11
10 12
11 13
12 14
13 15
4 14 16
15 17
16 18
17 19
18

20
1 7
0 2
1 3 7
2 4 12
3 5
4 6
5 7
0 2 6 8
7 9
8 10
9 11
10 12
3 11 13
12 14
13 15
14 16
15 17
16 18
17 19
18

20
1 7 9
0 2 19
1 3
2 4
3 5 13
4 6
5 7
0 6 8
7 9
0 8 10
9 11
10 12 16
11 13 18
4 12 14
13 15
14 16
11 15 17
16 18
12 17 19
1 18

20
1 7
0 2
1 3 16 18 19
2 4
3 5
4 6
5 7
0 6 8
7 9
8 10
9 11
10 12
11 13 17
12 14
13 15
14 16
2 15 17
12 16 18
2 17 19
2 18

20
1 7
0 2 7
1 3
2 4 16
3 5
4 6
5 7
0 1 6 8
7 9
8 10
9 11 18
10 12
11 13
12 14
13 15
14 16
3 15 17
16 18
10 17 19
18

20
1 7
0 2
1 3 6
2 4 10
3 5
4 6
2 5 7 11 15
0 6 8
7 9
8 10
3 9 11 15
6 10 12
11 13
12 14
13 15
6 10 14 16
15 17
16 18
17 19
18

20
1 7
0 2
1 3
2 4
3 5
4 6
5 7 14
0 6 8
7 9 13
8 10
9 11
10 12
11 13
8 12 14
6 13 15
14 16
15 17
16 18
17 19
18

20
1 7
0 2
1 3
2 4 10 17
3 5
4 6
5 7
0 6 8
7 9
8 10
3 9 11
10 12
11 13
12 14
13 15
14 16
15 17
3 16 18
17 19
18

20
1 7
0 2
1 3
2 4
3 5 11 12
4 6
5 7
0 6 8
7 9
8 10
9 11
4 10 12
4 11 13
12 14
13 15
14 16
15 17
16 18
17 19
18

20
1 7
0 2
1 3 15
2 4
3 5
4 6
5 7
0 6 8
7 9
8 10
9 11
10 12 16
11 13
12 14
13 15
2 14 16
11 15 17
16 18
17 19
18

20
1 7 18
0 2 10
1 3
2 4
3 5
4 6
5 7
0 6 8
7 9 18
8 10
1 9 11
10 12
11 13
12 14
13 15
14 16
15 17
16 18
0 8 17 19
18

20
1 7
0 2
1 3
2 4
3 5
4 6 12
5 7
0 6 8
7 9
8 10
9 11
10 12
5 11 13
12 14 17
13 15
14 16
15 17
13 16 18
17 19
18

20
1 7
0 2
1 3 11
2 4
3 5 14 19
4 6
5 7
0 6 8
7 9
8 10 13
9 11
2 10 12
11 13
9 12 14
4 13 15
14 16
15 17
16 18
17 19
4 18

20
1 7
0 2 15 18
1 3
2 4
3 5 9
4 6 16
5 7
0 6 8
7 9
4 8 10
9 11
10 12
11 13
12 14
13 15
1 14 16
5 15 17
16 18
1 17 19
18

20
1 7
0 2 15
1 3
2 4
3 5 18
4 6
5 7
0 6 8
7 9
8 10
9 11
10 12
11 13
12 14
13 15
1 14 16
15 17
16 18
4 17 19
18

20
1 7
0 2
1 3 9 19
2 4
3 5 9
4 6 14
5 7
0 6 8
7 9
2 4 8 10
9 11
10 12
11 13
12 14
5 13 15
14 16
15 17
16 18
17 19
2 18

20
1 7
0 2
1 3
2 4 10
3 5
4 6
5 7
0 6 8
7 9 17
8 10 19
3 9 11
10 12
11 13
12 14
13 15
14 16
15 17
8 16 18
17 19
9 18

20
1 5 7
0 2
1 3 8 15
2 4
3 5
0 4 6
5 7
0 6 8
2 7 9
8 10
9 11
10 12
11 13
12 14
13 15
2 14 16
15 17
16 18
17 19
18

20
1 7
0 2
1 3
2 4
3 5
4 6 12
5 7 15
0 6 8
7 9
8 10
9 11
10 12
5 11 13
12 14
13 15
6 14 16
15 17
16 18
17 19
18

20
1 7
0 2
1 3
2 4 7
3 5
4 6 17
5 7
0 3 6 8
7 9
8 10 14
9 11
10 12
11 13
12 14
9 13 15
14 16
15 17
5 16 18
17 19
18

20
1 7
0 2
1 3 6
2 4
3 5
4 6
2 5 7
0 6 8
7 9
8 10
9 11 18
10 12
11 13
12 14
13 15
14 16
15 17
16 18
10 17 19
18

20
1 7
0 2
1 3
2 4
3 5
4 6
5 7
0 6 8
7 9 13 16
8 10
9 11
10 12
11 13 15
8 12 14
13 15
12 14 16
8 15 17
16 18
17 19
18

20
1 5 7
0 2
1 3
2 4 7
3 5
0 4 6
5 7
0 3 6 8 13
7 9
8 10
9 11
10 12
11 13
7 12 14
13 15
14 16
15 17
16 18
17 19
18

20
1 7
0 2 6
1 3
2 4 18
3 5
4 6 15
1 5 7 14
0 6 8
7 9
8 10
9 11
10 12
11 13
12 14
6 13 15
5 14 16
15 17
16 18
3 17 19
18

20
1 7 8
0 2
1 3 6
2 4 16
3 5 19
4 6
2 5 7
0 6 8
0 7 9
8 10
9 11
10 12
11 13 19
12 14
13 15
14 16
3 15 17
16 18
17 19
4 12 18

20
1 4 7 18
0 2
1 3 9
2 4 18
0 3 5
4 6
5 7
0 6 8
7 9
2 8 10
9 11
10 12
11 13
12 14
13 15
14 16
15 17
16 18
0 3 17 19
18

20
1 7
0 2
1 3 9
2 4
3 5
4 6
5 7 10 14
0 6 8 19
7 9
2 8 10
6 9 11
10 12
11 13
12 14
6 13 15
14 16
15 17
16 18
17 19
7 18

20
1 7
0 2
1 3
2 4
3 5
4 6
5 7
0 6 8
7 9 15
8 10 14
9 11
10 12
11 13
12 14
9 13 15
8 14 16
15 17
16 18
17 19
18

20
1 7 13
0 2
1 3
2 4 14
3 5
4 6
5 7
0 6 8
7 9
8 10
9 11 15
10 12
11 13
0 12 14
3 13 15
10 14 16
15 17
16 18
17 19
18

20
1 7
0 2
1 3
2 4
3 5
4 6
5 7 11
0 6 8
7 9
8 10
9 11
6 10 12
11 13
12 14
13 15
14 16
15 17
16 18
17 19
18

20
1 7
0 2
1 3 8 14 17
2 4
3 5
4 6
5 7
0 6 8
2 7 9 18
8 10
9 11
10 12
11 13
12 14
2 13 15
14 16
15 17
2 16 18
8 17 19
18

20
1 7
0 2
1 3
2 4 11
3 5
4 6
5 7 15
0 6 8
7 9
8 10
9 11
3 10 12
11 13
12 14 17
13 15
6 14 16
15 17
13 16 18
17 19
18

20
1 7
0 2 5
1 3
2 4
3 5 12
1 4 6
5 7
0 6 8
7 9 17
8 10
9 11
10 12 16
4 11 13
12 14
13 15
14 16
11 15 17
8 16 18
17 19
18

20
1 7
0 2 14
1 3
2 4
3 5
4 6
5 7 12
0 6 8
7 9
8 10 18
9 11
10 12
6 11 13
12 14
1 13 15
14 16
15 17
16 18
9 17 19
18

20
1 7
0 2
1 3
2 4 8 14
3 5
4 6 17
5 7
0 6 8
3 7 9
8 10
9 11
10 12
11 13
12 14
3 13 15
14 16
15 17
5 16 18
17 19
18

20
1 7
0 2
1 3
2 4
3 5
4 6
5 7 16
0 6 8
7 9
8 10
9 11
10 12
11 13
12 14
13 15
14 16
6 15 17
16 18
17 19
18

20
1 7
0 2 17
1 3
2 4
3 5
4 6
5 7
0 6 8
7 9
8 10
9 11 16
10 12
11 13
12 14 18
13 15
14 16
10 15 17
1 16 18
13 17 19
18

20
1 7
0 2 6 17
1 3
2 4
3 5
4 6
1 5 7 11
0 6 8
7 9
8 10
9 11
6 10 12
11 13
12 14
13 15
14 16
15 17
1 16 18
17 19
18

20
1 7 14
0 2
1 3
2 4
3 5
4 6
5 7
0 6 8
7 9
8 10
9 11
10 12
11 13
12 14
0 13 15
14 16
15 17
16 18
17 19
18

20
1 7 14
0 2 8
1 3 15
2 4 17
3 5 11
4 6
5 7
0 6 8
1 7 9
8 10
9 11
4 10 12
11 13 17
12 14 18
0 13 15
2 14 16
15 17
3 12 16 18
13 17 19
18

20
1 7 8
0 2 13
1 3
2 4 14
3 5
4 6
5 7
0 6 8
0 7 9
8 10
9 11
10 12 18
11 13
1 12 14
3 13 15
14 16
15 17
16 18
11 17 19
18

20
1 5 7
0 2
1 3
2 4
3 5
0 4 6
5 7
0 6 8
7 9
8 10
9 11 18
10 12
11 13
12 14 17
13 15
14 16
15 17
13 16 18
10 17 19
18

20
1 7
0 2
1 3
2 4
3 5
4 6
5 7 16
0 6 8 11
7 9
8 10
9 11
7 10 12
11 13
12 14
13 15
14 16
6 15 17
16 18
17 19
18

20
1 7 17
0 2
1 3
2 4
3 5
4 6
5 7
0 6 8
7 9 12
8 10 17
9 11
10 12
8 11 13
12 14
13 15
14 16
15 17
0 9 16 18
17 19
18

20
1 7
0 2 6 10
1 3
2 4
3 5
4 6
1 5 7 12
0 6 8
7 9
8 10 18
1 9 11
10 12
6 11 13
12 14
13 15
14 16
15 17
16 18
9 17 19
18

20
1 7
0 2
1 3
2 4 18
3 5 14
4 6
5 7 12
0 6 8
7 9
8 10 13
9 11
10 12
6 11 13
9 12 14
4 13 15
14 16
15 17
16 18
3 17 19
18

20
1 7
0 2 16
1 3
2 4 9
3 5 19
4 6
5 7
0 6 8
7 9
3 8 10
9 11
10 12
11 13
12 14
13 15
14 16
1 15 17
16 18
17 19
4 18

20
1 7
0 2
1 3
2 4
3 5
4 6
5 7 15
0 6 8
7 9
8 10 18
9 11
10 12
11 13
12 14
13 15
6 14 16
15 17
16 18
9 17 19
18

20
1 7
0 2 18
1 3 17
2 4
3 5
4 6 16
5 7
0 6 8
7 9
8 10
9 11
10 12
11 13
12 14
13 15
14 16
5 15 17
2 16 18
1 17 19
18

20
1 7
0 2 9
1 3
2 4
3 5
4 6
5 7
0 6 8 18
7 9
1 8 10
9 11
10 12
11 13
12 14
13 15
14 16
15 17
16 18
7 17 19
18

20
1 7
0 2 7 15
1 3 8
2 4
3 5 8
4 6
5 7
0 1 6 8 18
2 4 7 9 14
8 10
9 11
10 12
11 13
12 14
8 13 15
1 14 16
15 17
16 18
7 17 19
18

20
1 7 14
0 2
1 3
2 4
3 5
4 6
5 7 11
0 6 8
7 9
8 10
9 11
6 10 12
11 13
12 14
0 13 15
14 16
15 17
16 18
17 19
18

20
1 7 15
0 2
1 3 8
2 4
3 5
4 6
5 7
0 6 8
2 7 9
8 10
9 11
10 12
11 13 19
12 14
13 15
0 14 16
15 17
16 18
17 19
12 18

20
1 7
0 2
1 3
2 4
3 5 15
4 6
5 7
0 6 8
7 9
8 10
9 11
10 12
11 13
12 14
13 15
4 14 16
15 17
16 18
17 19
18

20
1 4 7
0 2
1 3
2 4
0 3 5 12
4 6 19
5 7
0 6 8
7 9
8 10
9 11
10 12
4 11 13
12 14
13 15
14 16 19
15 17
16 18
17 19
5 15 18

20
1 7
0 2
1 3 14
2 4
3 5
4 6
5 7
0 6 8 17
7 9
8 10
9 11
10 12
11 13
12 14
2 13 15 19
14 16
15 17
7 16 18
17 19
14 18

20
1 7
0 2
1 3
2 4
3 5
4 6
5 7 11
0 6 8
7 9
8 10
9 11
6 10 12
11 13
12 14
13 15
14 16
15 17
16 18
17 19
18

20
1 7 15
0 2 6 19
1 3
2 4
3 5
4 6
1 5 7
0 6 8
7 9
8 10
9 11
10 12
11 13
12 14
13 15
0 14 16
15 17
16 18
17 19
1 18

20
1 7
0 2
1 3 15
2 4 19
3 5
4 6
5 7
0 6 8
7 9
8 10
9 11
10 12 19
11 13
12 14
13 15
2 14 16
15 17
16 18
17 19
3 11 18

20
1 7
0 2
1 3 13
2 4
3 5
4 6
5 7
0 6 8
7 9 14
8 10
9 11
10 12
11 13
2 12 14
8 13 15
14 16
15 17
16 18
17 19
18

20
1 7
0 2 5
1 3
2 4
3 5
1 4 6
5 7
0 6 8
7 9
8 10 15
9 11
10 12
11 13
12 14
13 15
9 14 16
15 17
16 18
17 19
18

20
1 7
0 2
1 3 9 16
2 4 7 18
3 5
4 6
5 7
0 3 6 8
7 9
2 8 10
9 11
10 12 19
11 13
12 14
13 15
14 16
2 15 17
16 18
3 17 19
11 18

20
1 7
0 2
1 3 19
2 4 7
3 5
4 6
5 7
0 3 6 8
7 9
8 10
9 11
10 12
11 13
12 14 18
13 15
14 16
15 17
16 18
13 17 19
2 18

20
1 7
0 2
1 3
2 4
3 5
4 6
5 7
0 6 8
7 9
8 10
9 11
10 12
11 13
12 14
13 15
14 16 19
15 17
16 18
17 19
15 18
