n=100, number of edges is 1116
L = [5, 1, 4, 1, 5, 4, 1, 1, 1, 2, 1, 1, 1, 4, 3, 1, 1, 3, 1, 2, \
      1, 1, 2, 1, 5, 1, 2, 1, 1, 4, 1, 1, 1, 1, 1, 1, 1, 1, 1, 1, \
      1, 1, 1, 3, 1, 1, 1, 1, 5, 1, 1, 1, 1, 2, 1, 1, 5, 1, 1, 3, \
      3, 1, 2, 1, 1, 1, 1, 1, 1, 1, 1, 1, 3, 1, 2, 1, 1, 1, 1, 1, \
      2, 1, 1, 1, 3, 1, 1, 4, 1, 1, 1, 2, 1, 4, 1, 1, 5, 1, 5, 4]

A=[
[ 0,  0,  1,  0,  0,  1,  1,  1,  0,  0,  1,  0,  1,  1,  0,  1,  0,  0,  0,  1,  0,  0,  0,  0,  0,  0,  1,  0,  0,  0,  1,  1,  0,  0,  0,  0,  1,  0,  1,  0,  0,  1,  1,  0,  0,  1,  0,  0,  0,  0,  0,  0,  0,  0,  0,  0,  0,  0,  1,  1,  1,  1,  0,  0,  1,  0,  1,  0,  0,  0,  1,  0,  0,  0,  0,  1,  0,  0,  0,  1,  1,  0,  0,  1,  0,  0,  1,  0,  0,  0,  1,  1,  1,  0,  0,  0,  1,  0,  0,   0],
[ 0,  0,  0,  0,  0,  0,  0,  1,  1,  0,  0,  0,  1,  0,  1,  0,  0,  0,  0,  1,  1,  0,  0,  1,  1,  0,  1,  1,  0,  1,  0,  0,  1,  0,  1,  0,  1,  0,  0,  0,  0,  0,  0,  0,  0,  0,  0,  0,  0,  1,  0,  1,  0,  0,  1,  1,  1,  1,  0,  1,  0,  0,  1,  0,  0,  0,  1,  0,  0,  0,  0,  1,  0,  0,  0,  0,  1,  1,  0,  0,  0,  1,  0,  0,  0,  1,  0,  0,  0,  0,  0,  1,  0,  0,  1,  0,  0,  0,  0,   0],
[ 1,  0,  0,  0,  1,  0,  0,  0,  0,  0,  0,  0,  1,  0,  0,  1,  0,  1,  0,  0,  0,  1,  0,  1,  0,  0,  0,  1,  0,  0,  0,  0,  0,  1,  0,  0,  1,  1,  0,  0,  1,  0,  1,  0,  0,  1,  0,  0,  1,  0,  1,  0,  0,  0,  1,  0,  0,  0,  0,  1,  1,  0,  0,  0,  0,  0,  0,  0,  0,  0,  1,  1,  0,  1,  0,  0,  0,  0,  0,  1,  0,  0,  0,  0,  0,  0,  0,  0,  1,  1,  1,  0,  0,  1,  0,  1,  0,  0,  0,   0],
[ 0,  0,  0,  0,  1,  1,  1,  0,  1,  0,  0,  1,  0,  1,  1,  1,  0,  1,  0,  0,  0,  1,  0,  0,  0,  1,  0,  0,  0,  0,  1,  0,  0,  1,  1,  0,  0,  0,  1,  0,  1,  0,  1,  0,  1,  0,  0,  1,  1,  1,  0,  1,  0,  0,  0,  0,  1,  0,  0,  0,  1,  0,  0,  0,  1,  0,  0,  0,  1,  0,  0,  0,  1,  1,  0,  0,  0,  0,  0,  0,  1,  0,  0,  0,  0,  0,  0,  0,  1,  0,  0,  1,  1,  1,  1,  0,  0,  0,  0,   1],
[ 0,  0,  1,  1,  0,  1,  1,  1,  0,  1,  1,  0,  0,  1,  0,  0,  1,  0,  0,  0,  1,  0,  0,  1,  0,  0,  0,  1,  1,  0,  0,  0,  1,  0,  1,  0,  0,  0,  0,  0,  0,  0,  0,  1,  0,  0,  0,  0,  1,  0,  1,  1,  1,  0,  0,  0,  1,  0,  0,  1,  0,  1,  0,  0,  0,  1,  0,  0,  0,  0,  0,  0,  0,  1,  0,  1,  1,  0,  0,  0,  0,  0,  1,  1,  1,  0,  0,  1,  1,  1,  1,  0,  0,  0,  0,  0,  0,  0,  1,   0],
[ 1,  0,  0,  1,  1,  0,  0,  1,  1,  0,  0,  0,  0,  0,  0,  0,  1,  0,  0,  0,  0,  0,  0,  0,  0,  0,  0,  0,  0,  0,  1,  1,  0,  1,  1,  1,  0,  0,  1,  0,  0,  0,  1,  0,  0,  0,  0,  0,  0,  0,  1,  1,  1,  0,  1,  0,  0,  1,  0,  1,  0,  0,  0,  0,  0,  0,  0,  0,  1,  0,  1,  0,  1,  0,  1,  0,  1,  0,  0,  0,  0,  1,  0,  1,  0,  1,  0,  0,  0,  1,  0,  1,  0,  0,  0,  1,  1,  1,  0,   0],
[ 1,  0,  0,  1,  1,  0,  0,  1,  1,  1,  1,  0,  0,  1,  0,  1,  0,  1,  0,  1,  0,  0,  0,  0,  0,  0,  0,  0,  1,  1,  0,  0,  1,  0,  0,  0,  0,  1,  0,  0,  0,  1,  0,  1,  0,  1,  0,  0,  0,  0,  0,  1,  0,  1,  1,  1,  0,  0,  1,  0,  0,  1,  0,  0,  1,  0,  0,  1,  0,  0,  1,  0,  1,  0,  0,  0,  0,  1,  0,  0,  0,  1,  0,  0,  0,  0,  1,  0,  1,  0,  0,  0,  0,  1,  1,  0,  0,  1,  0,   0],
[ 1,  1,  0,  0,  1,  1,  1,  0,  1,  1,  0,  0,  1,  1,  1,  1,  1,  1,  0,  0,  1,  0,  0,  1,  0,  0,  1,  0,  0,  1,  0,  0,  0,  1,  0,  0,  1,  0,  0,  0,  0,  1,  0,  0,  0,  0,  0,  0,  0,  0,  0,  0,  0,  0,  0,  1,  0,  0,  1,  0,  0,  0,  1,  1,  1,  0,  1,  1,  0,  0,  0,  0,  0,  0,  0,  0,  0,  0,  0,  1,  1,  0,  0,  0,  0,  0,  0,  0,  1,  0,  0,  0,  1,  0,  0,  0,  0,  0,  1,   0],
[ 0,  1,  0,  1,  0,  1,  1,  1,  0,  0,  0,  1,  1,  1,  1,  0,  1,  0,  0,  1,  0,  1,  0,  0,  1,  0,  0,  1,  0,  0,  0,  0,  1,  0,  0,  0,  1,  0,  0,  1,  0,  1,  1,  0,  1,  0,  1,  0,  0,  0,  0,  0,  1,  1,  1,  0,  0,  0,  1,  1,  0,  0,  0,  0,  0,  0,  0,  0,  0,  0,  0,  1,  0,  1,  1,  0,  0,  1,  0,  0,  0,  0,  0,  1,  0,  1,  1,  1,  0,  0,  0,  0,  0,  0,  0,  1,  0,  1,  1,   0],
[ 0,  0,  0,  0,  1,  0,  1,  1,  0,  0,  0,  0,  0,  1,  1,  1,  0,  0,  1,  0,  1,  1,  0,  0,  1,  0,  0,  0,  0,  1,  0,  1,  1,  0,  0,  0,  1,  0,  0,  0,  0,  1,  0,  0,  0,  1,  0,  1,  1,  0,  1,  1,  0,  0,  0,  0,  0,  0,  1,  0,  0,  0,  0,  0,  0,  1,  0,  1,  1,  0,  1,  0,  1,  0,  0,  1,  0,  1,  0,  0,  0,  1,  0,  0,  0,  0,  1,  0,  1,  0,  0,  1,  0,  1,  0,  0,  0,  1,  1,   0],
[ 1,  0,  0,  0,  1,  0,  1,  0,  0,  0,  0,  0,  0,  0,  1,  1,  1,  0,  1,  1,  0,  1,  0,  0,  0,  1,  0,  0,  0,  1,  0,  1,  0,  0,  0,  0,  0,  0,  0,  1,  0,  0,  0,  0,  0,  1,  0,  1,  0,  0,  0,  0,  0,  0,  0,  1,  0,  0,  1,  1,  0,  0,  0,  0,  0,  1,  0,  0,  0,  0,  0,  0,  1,  0,  1,  1,  0,  0,  0,  0,  0,  0,  0,  1,  0,  0,  1,  1,  1,  0,  1,  0,  1,  0,  0,  0,  1,  0,  0,   1],
[ 0,  0,  0,  1,  0,  0,  0,  0,  1,  0,  0,  0,  1,  0,  0,  0,  0,  0,  0,  0,  0,  0,  0,  0,  1,  0,  0,  1,  0,  0,  0,  0,  0,  1,  0,  0,  0,  1,  0,  0,  1,  0,  1,  0,  0,  0,  0,  0,  1,  0,  0,  0,  0,  1,  1,  0,  1,  0,  0,  0,  0,  1,  0,  0,  0,  1,  0,  0,  0,  1,  0,  0,  0,  0,  1,  0,  1,  0,  0,  0,  0,  0,  1,  1,  1,  0,  0,  1,  0,  0,  0,  1,  1,  0,  0,  0,  0,  0,  0,   0],
[ 1,  1,  1,  0,  0,  0,  0,  1,  1,  0,  0,  1,  0,  0,  0,  0,  0,  0,  0,  0,  0,  0,  0,  0,  1,  0,  1,  0,  0,  0,  0,  0,  1,  0,  0,  0,  1,  1,  0,  0,  1,  0,  0,  0,  1,  0,  0,  1,  0,  1,  1,  0,  0,  0,  0,  0,  0,  1,  1,  1,  0,  0,  0,  1,  0,  0,  0,  0,  0,  0,  0,  1,  1,  0,  0,  0,  1,  1,  0,  0,  0,  0,  0,  0,  0,  0,  0,  0,  1,  0,  0,  0,  0,  0,  0,  0,  0,  1,  0,   0],
[ 1,  0,  0,  1,  1,  0,  1,  1,  1,  1,  0,  0,  0,  0,  0,  0,  0,  0,  0,  0,  0,  0,  0,  1,  1,  0,  0,  0,  1,  1,  0,  0,  1,  0,  0,  0,  1,  1,  0,  0,  0,  1,  0,  0,  1,  1,  1,  0,  1,  0,  0,  1,  0,  0,  0,  0,  0,  0,  1,  0,  0,  0,  0,  0,  0,  0,  1,  1,  0,  1,  1,  1,  0,  0,  1,  0,  0,  0,  1,  1,  1,  0,  0,  0,  0,  0,  0,  0,  0,  0,  0,  1,  1,  0,  0,  0,  0,  0,  0,   1],
[ 0,  1,  0,  1,  0,  0,  0,  1,  1,  1,  1,  0,  0,  0,  0,  0,  0,  0,  0,  0,  0,  0,  0,  0,  0,  1,  0,  0,  1,  0,  0,  1,  0,  0,  1,  0,  1,  1,  0,  0,  1,  1,  1,  0,  0,  0,  1,  1,  0,  0,  0,  0,  1,  0,  0,  0,  0,  0,  1,  0,  0,  0,  1,  0,  1,  1,  1,  0,  0,  0,  0,  0,  0,  0,  0,  1,  0,  0,  0,  0,  0,  0,  0,  0,  1,  0,  1,  1,  0,  0,  1,  0,  1,  0,  0,  1,  0,  0,  0,   1],
[ 1,  0,  1,  1,  0,  0,  1,  1,  0,  1,  1,  0,  0,  0,  0,  0,  0,  0,  1,  0,  0,  0,  1,  0,  0,  1,  0,  0,  0,  0,  0,  0,  1,  1,  0,  0,  0,  1,  1,  0,  0,  1,  1,  0,  0,  0,  0,  1,  1,  0,  0,  0,  0,  0,  0,  1,  0,  0,  0,  0,  0,  0,  0,  1,  1,  0,  0,  0,  0,  0,  0,  0,  1,  0,  0,  0,  1,  0,  0,  0,  0,  0,  0,  0,  0,  0,  0,  1,  1,  0,  0,  1,  1,  0,  1,  0,  0,  0,  1,   1],
[ 0,  0,  0,  0,  1,  1,  0,  1,  1,  0,  1,  0,  0,  0,  0,  0,  0,  0,  0,  0,  1,  1,  0,  0,  0,  0,  0,  0,  1,  0,  1,  0,  1,  0,  0,  0,  0,  0,  1,  1,  1,  0,  0,  0,  0,  0,  0,  0,  0,  0,  1,  0,  0,  0,  0,  0,  0,  1,  0,  0,  0,  0,  0,  0,  1,  0,  1,  0,  0,  0,  0,  0,  0,  0,  1,  0,  0,  0,  0,  0,  0,  0,  0,  0,  1,  0,  0,  0,  0,  0,  0,  0,  0,  1,  1,  1,  0,  0,  0,   1],
[ 0,  0,  1,  1,  0,  0,  1,  1,  0,  0,  0,  0,  0,  0,  0,  0,  0,  0,  0,  1,  0,  0,  0,  1,  1,  0,  1,  0,  1,  0,  1,  0,  0,  1,  1,  0,  0,  0,  1,  0,  0,  0,  0,  1,  1,  0,  0,  1,  0,  0,  0,  0,  1,  1,  1,  0,  1,  0,  0,  0,  0,  0,  0,  0,  1,  0,  0,  1,  1,  0,  1,  0,  0,  0,  0,  0,  0,  1,  1,  0,  1,  0,  0,  0,  0,  0,  1,  0,  1,  0,  0,  0,  1,  0,  1,  1,  0,  1,  0,   1],
[ 0,  0,  0,  0,  0,  0,  0,  0,  0,  1,  1,  0,  0,  0,  0,  1,  0,  0,  0,  0,  0,  0,  0,  1,  1,  0,  0,  0,  0,  1,  1,  0,  1,  0,  1,  1,  0,  1,  0,  0,  0,  1,  0,  1,  0,  0,  0,  1,  0,  0,  0,  0,  0,  1,  0,  0,  0,  1,  1,  1,  0,  0,  1,  0,  0,  0,  0,  0,  0,  0,  1,  1,  0,  0,  0,  0,  1,  0,  1,  0,  1,  0,  0,  0,  0,  0,  0,  0,  0,  0,  0,  1,  1,  0,  1,  0,  1,  0,  0,   0],
[ 1,  1,  0,  0,  0,  0,  1,  0,  1,  0,  1,  0,  0,  0,  0,  0,  0,  1,  0,  0,  0,  0,  0,  0,  0,  0,  1,  0,  0,  0,  0,  1,  1,  0,  0,  0,  0,  1,  0,  1,  0,  1,  0,  0,  0,  0,  1,  1,  0,  1,  0,  1,  0,  0,  0,  0,  0,  1,  0,  0,  1,  0,  0,  0,  0,  1,  0,  0,  0,  0,  0,  0,  1,  0,  0,  0,  0,  1,  0,  0,  0,  0,  1,  0,  0,  0,  0,  1,  0,  1,  0,  1,  0,  0,  0,  1,  0,  0,  0,   1],
[ 0,  1,  0,  0,  1,  0,  0,  1,  0,  1,  0,  0,  0,  0,  0,  0,  1,  0,  0,  0,  0,  0,  1,  0,  0,  0,  1,  0,  0,  0,  1,  0,  1,  0,  0,  0,  0,  0,  0,  0,  0,  0,  0,  0,  1,  1,  0,  0,  1,  0,  1,  1,  1,  0,  0,  0,  1,  0,  0,  1,  0,  1,  0,  0,  0,  1,  1,  1,  0,  1,  0,  0,  0,  1,  0,  0,  0,  1,  1,  0,  0,  0,  0,  1,  1,  0,  0,  0,  0,  0,  0,  1,  0,  0,  0,  0,  1,  1,  1,   1],
[ 0,  0,  1,  1,  0,  0,  0,  0,  1,  1,  1,  0,  0,  0,  0,  0,  1,  0,  0,  0,  0,  0,  1,  0,  0,  1,  0,  0,  1,  1,  0,  0,  0,  0,  0,  0,  0,  0,  0,  0,  0,  1,  1,  0,  0,  0,  0,  1,  0,  1,  0,  0,  0,  0,  0,  0,  0,  0,  0,  0,  0,  0,  1,  0,  1,  1,  0,  0,  0,  0,  0,  0,  1,  0,  0,  1,  0,  1,  0,  0,  1,  1,  0,  0,  0,  1,  0,  1,  0,  0,  1,  1,  0,  0,  1,  0,  1,  0,  0,   0],
[ 0,  0,  0,  0,  0,  0,  0,  0,  0,  0,  0,  0,  0,  0,  0,  1,  0,  0,  0,  0,  1,  1,  0,  0,  0,  1,  0,  0,  0,  0,  1,  0,  0,  1,  1,  0,  0,  1,  0,  0,  0,  1,  1,  0,  0,  0,  0,  0,  0,  1,  0,  0,  0,  0,  0,  0,  1,  0,  0,  0,  0,  1,  0,  0,  0,  0,  1,  0,  1,  0,  0,  0,  0,  1,  0,  0,  0,  0,  1,  0,  0,  1,  0,  1,  1,  0,  1,  0,  1,  1,  0,  0,  0,  1,  1,  0,  1,  0,  0,   0],
[ 0,  1,  1,  0,  1,  0,  0,  1,  0,  0,  0,  0,  0,  1,  0,  0,  0,  1,  1,  0,  0,  0,  0,  0,  0,  0,  0,  0,  1,  0,  0,  1,  0,  0,  0,  0,  0,  0,  1,  0,  1,  0,  0,  0,  0,  1,  1,  1,  0,  1,  1,  0,  0,  1,  1,  0,  0,  1,  0,  1,  1,  0,  0,  1,  1,  0,  0,  0,  1,  0,  1,  0,  0,  0,  1,  1,  1,  0,  0,  1,  0,  0,  1,  1,  0,  0,  0,  0,  0,  1,  0,  0,  0,  0,  1,  0,  0,  0,  1,   0],
[ 0,  1,  0,  0,  0,  0,  0,  0,  1,  1,  0,  1,  1,  1,  0,  0,  0,  1,  1,  0,  0,  0,  0,  0,  0,  0,  1,  0,  0,  0,  0,  1,  0,  0,  0,  0,  1,  0,  0,  0,  0,  0,  1,  0,  0,  0,  1,  0,  0,  1,  1,  0,  0,  0,  0,  0,  0,  0,  1,  1,  1,  0,  1,  0,  0,  0,  1,  0,  1,  1,  0,  0,  0,  0,  0,  0,  1,  0,  1,  0,  0,  1,  0,  1,  0,  1,  1,  1,  1,  0,  0,  0,  1,  0,  1,  0,  1,  1,  0,   1],
[ 0,  0,  0,  1,  0,  0,  0,  0,  0,  0,  1,  0,  0,  0,  1,  1,  0,  0,  0,  0,  0,  1,  1,  0,  0,  0,  0,  0,  0,  0,  0,  1,  0,  0,  0,  0,  0,  0,  0,  0,  1,  1,  0,  0,  1,  0,  0,  0,  0,  0,  0,  0,  1,  0,  0,  1,  0,  0,  0,  0,  1,  0,  0,  1,  1,  1,  1,  1,  1,  0,  0,  0,  0,  0,  0,  0,  0,  1,  0,  0,  0,  1,  0,  0,  0,  0,  1,  0,  1,  1,  0,  0,  1,  1,  1,  1,  0,  1,  0,   0],
[ 1,  1,  0,  0,  0,  0,  0,  1,  0,  0,  0,  0,  1,  0,  0,  0,  0,  1,  0,  1,  1,  0,  0,  0,  1,  0,  0,  1,  1,  0,  0,  0,  0,  1,  0,  1,  1,  0,  1,  0,  0,  1,  1,  0,  0,  0,  0,  0,  0,  0,  0,  0,  1,  0,  0,  1,  0,  0,  0,  0,  0,  0,  0,  0,  0,  0,  0,  1,  1,  1,  1,  0,  1,  1,  1,  0,  0,  1,  0,  0,  0,  0,  1,  1,  0,  0,  0,  0,  0,  0,  1,  0,  0,  0,  0,  1,  0,  1,  0,   1],
[ 0,  1,  1,  0,  1,  0,  0,  0,  1,  0,  0,  1,  0,  0,  0,  0,  0,  0,  0,  0,  0,  0,  0,  0,  0,  0,  1,  0,  1,  0,  0,  1,  1,  1,  0,  0,  1,  0,  0,  1,  0,  0,  0,  0,  0,  0,  1,  1,  1,  0,  0,  0,  0,  0,  0,  1,  1,  1,  0,  0,  0,  0,  0,  0,  0,  0,  1,  0,  0,  0,  0,  1,  0,  0,  0,  0,  0,  0,  0,  0,  0,  1,  1,  0,  0,  0,  0,  0,  0,  1,  1,  0,  0,  0,  1,  1,  0,  0,  0,   1],
[ 0,  0,  0,  0,  1,  0,  1,  0,  0,  0,  0,  0,  0,  1,  1,  0,  1,  1,  0,  0,  0,  1,  0,  1,  0,  0,  1,  1,  0,  1,  1,  0,  0,  0,  1,  1,  0,  0,  1,  0,  0,  0,  0,  0,  0,  1,  0,  0,  0,  0,  0,  1,  0,  1,  0,  0,  0,  1,  1,  0,  1,  0,  0,  1,  1,  1,  1,  0,  0,  0,  1,  0,  0,  0,  1,  1,  0,  0,  0,  0,  1,  0,  1,  0,  1,  0,  1,  1,  1,  1,  1,  1,  0,  0,  0,  0,  0,  0,  0,   0],
[ 0,  1,  0,  0,  0,  0,  1,  1,  0,  1,  1,  0,  0,  1,  0,  0,  0,  0,  1,  0,  0,  1,  0,  0,  0,  0,  0,  0,  1,  0,  0,  0,  0,  0,  1,  0,  1,  1,  1,  0,  0,  0,  0,  1,  1,  0,  0,  0,  0,  0,  0,  0,  1,  0,  1,  1,  0,  0,  0,  1,  1,  0,  1,  0,  1,  0,  0,  0,  0,  1,  1,  1,  0,  0,  1,  1,  0,  1,  1,  1,  0,  0,  0,  0,  0,  0,  1,  0,  0,  0,  0,  0,  0,  0,  1,  0,  1,  0,  0,   0],
[ 1,  0,  0,  1,  0,  1,  0,  0,  0,  0,  0,  0,  0,  0,  0,  0,  1,  1,  1,  0,  1,  0,  1,  0,  0,  0,  0,  0,  1,  0,  0,  1,  1,  0,  0,  0,  0,  1,  0,  1,  0,  1,  0,  0,  0,  0,  0,  0,  1,  0,  1,  0,  1,  0,  1,  0,  0,  0,  0,  0,  0,  1,  0,  0,  0,  0,  0,  1,  0,  0,  0,  0,  0,  0,  0,  0,  0,  0,  1,  1,  0,  0,  1,  0,  0,  0,  0,  0,  0,  0,  0,  1,  0,  1,  1,  0,  0,  0,  0,   0],
[ 1,  0,  0,  0,  0,  1,  0,  0,  0,  1,  1,  0,  0,  0,  1,  0,  0,  0,  0,  1,  0,  0,  0,  1,  1,  1,  0,  1,  0,  0,  1,  0,  0,  0,  0,  0,  0,  0,  0,  0,  1,  1,  0,  1,  1,  0,  0,  1,  0,  0,  0,  1,  0,  1,  0,  0,  0,  0,  0,  0,  0,  1,  0,  0,  0,  0,  0,  1,  0,  1,  0,  1,  0,  0,  0,  0,  0,  1,  0,  0,  0,  1,  0,  0,  0,  1,  0,  0,  0,  0,  0,  1,  0,  0,  0,  0,  0,  0,  0,   0],
[ 0,  1,  0,  0,  1,  0,  1,  0,  1,  1,  0,  0,  1,  1,  0,  1,  1,  0,  1,  1,  1,  0,  0,  0,  0,  0,  0,  1,  0,  0,  1,  0,  0,  1,  1,  0,  0,  0,  0,  0,  0,  0,  1,  0,  0,  1,  0,  1,  0,  0,  1,  0,  1,  0,  1,  0,  0,  0,  0,  0,  0,  0,  0,  1,  1,  1,  0,  0,  0,  0,  0,  1,  1,  1,  0,  0,  0,  0,  0,  0,  1,  1,  0,  1,  0,  0,  0,  1,  1,  1,  0,  0,  0,  0,  1,  0,  0,  1,  1,   1],
[ 0,  0,  1,  1,  0,  1,  0,  1,  0,  0,  0,  1,  0,  0,  0,  1,  0,  1,  0,  0,  0,  0,  1,  0,  0,  0,  1,  1,  0,  0,  0,  0,  1,  0,  1,  0,  0,  0,  0,  0,  0,  1,  0,  1,  1,  0,  0,  0,  0,  0,  0,  0,  1,  0,  0,  0,  1,  1,  0,  0,  1,  0,  0,  0,  0,  1,  0,  0,  1,  0,  0,  0,  1,  0,  1,  0,  0,  1,  0,  0,  0,  0,  1,  0,  0,  0,  1,  0,  0,  0,  0,  0,  0,  0,  0,  0,  1,  0,  0,   0],
[ 0,  1,  0,  1,  1,  1,  0,  0,  0,  0,  0,  0,  0,  0,  1,  0,  0,  1,  1,  0,  0,  0,  1,  0,  0,  0,  0,  0,  1,  1,  0,  0,  1,  1,  0,  0,  0,  0,  0,  0,  0,  1,  0,  1,  0,  0,  1,  0,  1,  1,  0,  0,  1,  0,  0,  0,  0,  1,  1,  0,  1,  0,  0,  0,  0,  0,  0,  1,  0,  0,  0,  0,  0,  0,  0,  1,  1,  0,  0,  0,  0,  1,  0,  0,  0,  0,  0,  0,  1,  0,  1,  1,  0,  1,  0,  1,  0,  1,  0,   1],
[ 0,  0,  0,  0,  0,  1,  0,  0,  0,  0,  0,  0,  0,  0,  0,  0,  0,  0,  1,  0,  0,  0,  0,  0,  0,  0,  1,  0,  1,  0,  0,  0,  0,  0,  0,  0,  0,  0,  0,  1,  0,  0,  0,  0,  1,  0,  0,  0,  0,  0,  1,  1,  0,  0,  0,  0,  1,  1,  0,  0,  1,  1,  0,  0,  0,  1,  1,  0,  0,  1,  1,  0,  0,  1,  0,  1,  1,  1,  0,  0,  0,  0,  0,  1,  1,  0,  1,  1,  1,  0,  0,  0,  1,  0,  0,  0,  0,  0,  0,   0],
[ 1,  1,  1,  0,  0,  0,  0,  1,  1,  1,  0,  0,  1,  1,  1,  0,  0,  0,  0,  0,  0,  0,  0,  0,  1,  0,  1,  1,  0,  1,  0,  0,  0,  0,  0,  0,  0,  0,  1,  0,  0,  0,  0,  0,  0,  0,  0,  0,  0,  0,  0,  1,  0,  0,  0,  0,  0,  0,  0,  0,  0,  0,  0,  0,  1,  0,  0,  1,  0,  1,  0,  0,  0,  0,  0,  1,  0,  0,  0,  0,  1,  0,  1,  0,  1,  0,  0,  0,  1,  1,  0,  1,  1,  0,  0,  0,  1,  0,  0,   0],
[ 0,  0,  1,  0,  0,  0,  1,  0,  0,  0,  0,  1,  1,  1,  1,  1,  0,  0,  1,  1,  0,  0,  1,  0,  0,  0,  0,  0,  0,  1,  1,  0,  0,  0,  0,  0,  0,  0,  1,  0,  0,  1,  1,  0,  0,  1,  0,  1,  0,  0,  0,  0,  0,  0,  0,  0,  1,  1,  0,  1,  0,  1,  1,  1,  1,  0,  0,  0,  1,  1,  1,  0,  1,  0,  0,  0,  0,  0,  1,  0,  1,  0,  1,  0,  0,  0,  1,  1,  0,  0,  0,  0,  1,  0,  0,  0,  0,  1,  0,   1],
[ 1,  0,  0,  1,  0,  1,  0,  0,  0,  0,  0,  0,  0,  0,  0,  1,  1,  1,  0,  0,  0,  0,  0,  1,  0,  0,  1,  0,  1,  1,  0,  0,  0,  0,  0,  0,  1,  1,  0,  1,  1,  0,  0,  1,  1,  0,  0,  1,  0,  0,  0,  0,  0,  0,  0,  0,  0,  0,  0,  1,  0,  0,  1,  0,  1,  0,  0,  0,  1,  0,  0,  1,  0,  0,  0,  0,  1,  0,  0,  0,  0,  1,  0,  1,  0,  0,  1,  0,  0,  1,  0,  0,  0,  0,  0,  1,  0,  0,  0,   1],
[ 0,  0,  0,  0,  0,  0,  0,  0,  1,  0,  1,  0,  0,  0,  0,  0,  1,  0,  0,  1,  0,  0,  0,  0,  0,  0,  0,  1,  0,  0,  1,  0,  0,  0,  0,  1,  0,  0,  1,  0,  1,  1,  0,  1,  1,  1,  0,  0,  1,  0,  0,  0,  1,  1,  0,  0,  1,  1,  1,  0,  1,  0,  0,  0,  0,  0,  1,  0,  0,  0,  0,  1,  0,  0,  0,  1,  0,  0,  0,  0,  0,  0,  0,  0,  0,  0,  1,  1,  0,  1,  1,  0,  1,  0,  0,  0,  1,  0,  0,   1],
[ 0,  0,  1,  1,  0,  0,  0,  0,  0,  0,  0,  1,  1,  0,  1,  0,  1,  0,  0,  0,  0,  0,  0,  1,  0,  1,  0,  0,  0,  0,  0,  1,  0,  0,  0,  0,  0,  0,  1,  1,  0,  0,  0,  1,  0,  0,  0,  1,  1,  1,  1,  0,  0,  1,  1,  0,  0,  0,  0,  0,  0,  1,  0,  1,  0,  0,  1,  0,  0,  1,  0,  0,  1,  0,  1,  0,  0,  0,  1,  0,  0,  0,  0,  0,  0,  0,  0,  0,  0,  0,  0,  0,  0,  0,  1,  0,  0,  1,  0,   0],
[ 1,  0,  0,  0,  0,  0,  1,  1,  1,  1,  0,  0,  0,  1,  1,  1,  0,  0,  1,  1,  0,  1,  1,  0,  0,  1,  1,  0,  0,  0,  1,  1,  0,  1,  1,  0,  0,  1,  0,  1,  0,  0,  0,  0,  0,  1,  1,  1,  0,  1,  0,  0,  0,  0,  1,  0,  0,  1,  1,  0,  1,  0,  1,  0,  0,  1,  1,  1,  1,  0,  0,  0,  1,  0,  1,  0,  0,  0,  1,  0,  1,  0,  1,  1,  0,  0,  0,  0,  0,  0,  0,  0,  0,  0,  0,  0,  0,  0,  0,   0],
[ 1,  0,  1,  1,  0,  1,  0,  0,  1,  0,  0,  1,  0,  0,  1,  1,  0,  0,  0,  0,  0,  1,  1,  0,  1,  0,  1,  0,  0,  0,  0,  0,  1,  0,  0,  0,  0,  1,  0,  0,  0,  0,  0,  0,  0,  0,  0,  0,  0,  0,  0,  0,  0,  1,  0,  1,  0,  0,  0,  0,  0,  1,  0,  0,  1,  1,  0,  0,  0,  0,  0,  0,  0,  0,  1,  0,  0,  1,  1,  0,  0,  0,  1,  0,  0,  1,  1,  0,  0,  0,  0,  0,  0,  1,  0,  0,  0,  0,  0,   0],
[ 0,  0,  0,  0,  1,  0,  1,  0,  0,  0,  0,  0,  0,  0,  0,  0,  0,  1,  1,  0,  0,  0,  0,  0,  0,  0,  0,  0,  0,  1,  0,  1,  0,  1,  1,  0,  0,  0,  1,  1,  1,  0,  0,  0,  0,  1,  0,  1,  0,  1,  0,  1,  0,  0,  1,  0,  0,  0,  1,  1,  1,  0,  1,  0,  1,  1,  1,  0,  0,  0,  0,  0,  1,  0,  0,  1,  1,  0,  1,  1,  1,  0,  0,  1,  0,  0,  0,  1,  0,  0,  0,  0,  0,  1,  0,  0,  0,  0,  0,   1],
[ 0,  0,  0,  1,  0,  0,  0,  0,  1,  0,  0,  0,  1,  1,  0,  0,  0,  1,  0,  0,  1,  0,  0,  0,  0,  1,  0,  0,  0,  1,  0,  1,  0,  1,  0,  1,  0,  0,  1,  1,  0,  0,  0,  0,  0,  0,  0,  0,  0,  0,  0,  1,  0,  1,  0,  0,  1,  0,  1,  0,  0,  1,  1,  0,  0,  0,  1,  0,  0,  0,  0,  0,  1,  0,  0,  1,  1,  0,  1,  1,  0,  1,  0,  0,  1,  0,  1,  0,  0,  1,  0,  0,  1,  1,  0,  0,  1,  0,  1,   0],
[ 1,  0,  1,  0,  0,  0,  1,  0,  0,  1,  1,  0,  0,  1,  0,  0,  0,  0,  0,  0,  1,  0,  0,  1,  0,  0,  0,  0,  1,  0,  0,  0,  1,  0,  0,  0,  0,  1,  0,  1,  0,  1,  0,  1,  0,  0,  0,  0,  1,  1,  0,  1,  0,  0,  0,  1,  1,  0,  1,  0,  1,  0,  1,  0,  0,  0,  0,  1,  1,  0,  1,  1,  1,  1,  0,  1,  0,  0,  0,  0,  0,  1,  0,  1,  0,  0,  0,  0,  0,  0,  0,  1,  0,  0,  0,  1,  0,  0,  0,   1],
[ 0,  0,  0,  0,  0,  0,  0,  0,  1,  0,  0,  0,  0,  1,  1,  0,  0,  0,  0,  1,  0,  0,  0,  1,  1,  0,  0,  1,  0,  0,  0,  0,  0,  0,  1,  0,  0,  0,  0,  0,  0,  1,  0,  0,  0,  0,  0,  0,  0,  0,  0,  1,  0,  0,  0,  0,  1,  0,  0,  0,  1,  0,  0,  0,  0,  1,  0,  0,  0,  0,  0,  0,  0,  0,  0,  0,  0,  0,  0,  0,  0,  0,  0,  0,  1,  0,  1,  0,  0,  1,  1,  0,  1,  0,  1,  1,  1,  1,  0,   0],
[ 0,  0,  0,  1,  0,  0,  0,  0,  0,  1,  1,  0,  1,  0,  1,  1,  0,  1,  1,  1,  0,  1,  0,  1,  0,  0,  0,  1,  0,  0,  0,  1,  1,  0,  0,  0,  0,  1,  1,  0,  1,  1,  0,  1,  0,  0,  0,  0,  0,  0,  1,  0,  0,  1,  1,  0,  0,  0,  0,  0,  0,  0,  0,  1,  0,  0,  0,  1,  1,  0,  0,  0,  1,  1,  1,  1,  0,  0,  0,  0,  0,  0,  0,  0,  0,  1,  1,  1,  1,  0,  1,  0,  0,  0,  1,  0,  1,  0,  1,   0],
[ 0,  0,  1,  1,  1,  0,  0,  0,  0,  1,  0,  1,  0,  1,  0,  1,  0,  0,  0,  0,  1,  0,  0,  0,  0,  0,  0,  1,  0,  0,  1,  0,  0,  0,  1,  0,  0,  0,  0,  1,  1,  0,  0,  0,  0,  1,  0,  0,  0,  0,  1,  0,  0,  0,  1,  0,  0,  1,  1,  0,  0,  1,  0,  1,  0,  0,  0,  0,  0,  1,  0,  0,  0,  0,  0,  0,  0,  1,  0,  0,  0,  0,  1,  0,  1,  0,  1,  0,  1,  1,  1,  0,  0,  0,  0,  1,  0,  1,  0,   0],
[ 0,  1,  0,  1,  0,  0,  0,  0,  0,  0,  0,  0,  1,  0,  0,  0,  0,  0,  0,  1,  0,  1,  1,  1,  1,  0,  0,  0,  0,  0,  0,  0,  0,  0,  1,  0,  0,  0,  0,  0,  1,  1,  0,  1,  0,  1,  0,  0,  0,  0,  1,  0,  1,  0,  1,  0,  1,  0,  0,  0,  0,  1,  0,  1,  0,  1,  1,  0,  0,  0,  0,  1,  1,  1,  0,  1,  0,  1,  0,  0,  0,  1,  0,  1,  0,  0,  0,  0,  1,  0,  0,  0,  0,  1,  0,  0,  1,  0,  0,   0],
[ 0,  0,  1,  0,  1,  1,  0,  0,  0,  1,  0,  0,  1,  0,  0,  0,  1,  0,  0,  0,  1,  0,  0,  1,  1,  0,  0,  0,  0,  0,  1,  0,  1,  0,  0,  1,  0,  0,  0,  0,  1,  0,  0,  0,  0,  0,  0,  1,  1,  1,  0,  0,  0,  0,  0,  0,  1,  1,  1,  1,  1,  0,  0,  1,  0,  0,  0,  0,  0,  0,  0,  0,  0,  0,  1,  0,  0,  0,  0,  0,  0,  0,  0,  1,  1,  0,  0,  0,  1,  0,  0,  0,  0,  0,  0,  1,  0,  0,  0,   0],
[ 0,  1,  0,  1,  1,  1,  1,  0,  0,  1,  0,  0,  0,  1,  0,  0,  0,  0,  0,  1,  1,  0,  0,  0,  0,  0,  0,  0,  1,  0,  0,  1,  0,  0,  0,  1,  1,  0,  0,  0,  0,  0,  0,  1,  1,  1,  1,  0,  0,  0,  0,  0,  0,  0,  0,  1,  0,  0,  0,  0,  0,  0,  1,  0,  0,  1,  0,  0,  0,  0,  1,  1,  0,  1,  1,  0,  0,  0,  1,  0,  1,  1,  0,  0,  1,  0,  1,  0,  0,  0,  0,  1,  0,  0,  0,  1,  0,  0,  0,   0],
[ 0,  0,  0,  0,  1,  1,  0,  0,  1,  0,  0,  0,  0,  0,  1,  0,  0,  1,  0,  0,  1,  0,  0,  0,  0,  1,  1,  0,  0,  1,  1,  0,  1,  1,  1,  0,  0,  0,  0,  1,  0,  0,  0,  0,  0,  0,  0,  0,  0,  1,  0,  0,  0,  1,  0,  0,  0,  1,  1,  0,  0,  0,  1,  1,  0,  0,  1,  0,  0,  0,  0,  0,  0,  0,  0,  0,  0,  0,  0,  0,  0,  0,  0,  1,  1,  1,  0,  0,  1,  0,  0,  0,  0,  1,  1,  1,  1,  1,  0,   0],
[ 0,  0,  0,  0,  0,  0,  1,  0,  1,  0,  0,  1,  0,  0,  0,  0,  0,  1,  1,  0,  0,  0,  0,  1,  0,  0,  0,  0,  1,  0,  0,  1,  0,  0,  0,  0,  0,  0,  0,  1,  1,  0,  1,  0,  1,  0,  0,  1,  0,  0,  0,  0,  1,  0,  0,  1,  0,  0,  0,  0,  0,  0,  1,  0,  0,  0,  0,  1,  0,  1,  0,  1,  0,  1,  0,  0,  0,  0,  1,  0,  1,  0,  0,  0,  1,  0,  0,  1,  0,  0,  0,  0,  0,  1,  0,  0,  0,  1,  1,   0],
[ 0,  1,  1,  0,  0,  1,  1,  0,  1,  0,  0,  1,  0,  0,  0,  0,  0,  1,  0,  0,  0,  0,  0,  1,  0,  0,  0,  0,  0,  1,  1,  0,  1,  0,  0,  0,  0,  0,  0,  0,  1,  1,  0,  1,  0,  0,  0,  1,  1,  1,  0,  0,  0,  0,  0,  1,  0,  0,  1,  1,  0,  0,  1,  1,  1,  0,  0,  0,  0,  1,  0,  0,  0,  0,  0,  0,  1,  0,  0,  0,  0,  0,  1,  0,  0,  0,  0,  1,  0,  0,  0,  1,  0,  0,  0,  0,  1,  1,  0,   0],
[ 0,  1,  0,  0,  0,  0,  1,  1,  0,  0,  1,  0,  0,  0,  0,  1,  0,  0,  0,  0,  0,  0,  0,  0,  0,  1,  1,  1,  0,  1,  0,  0,  0,  0,  0,  0,  0,  0,  0,  0,  0,  0,  1,  0,  0,  1,  0,  0,  0,  0,  0,  1,  0,  1,  1,  0,  0,  1,  0,  0,  0,  0,  0,  0,  1,  0,  0,  1,  0,  0,  0,  0,  0,  0,  0,  1,  0,  0,  0,  1,  0,  0,  0,  1,  0,  0,  0,  0,  1,  1,  0,  0,  1,  1,  0,  0,  1,  0,  0,   1],
[ 0,  1,  0,  1,  1,  0,  0,  0,  0,  0,  0,  1,  0,  0,  0,  0,  0,  1,  0,  0,  1,  0,  1,  0,  0,  0,  0,  1,  0,  0,  0,  0,  0,  1,  0,  1,  0,  1,  0,  1,  0,  0,  0,  0,  1,  1,  1,  0,  0,  1,  1,  0,  0,  0,  0,  0,  0,  0,  1,  0,  0,  1,  1,  0,  0,  0,  0,  1,  1,  1,  1,  0,  0,  1,  0,  1,  1,  1,  0,  0,  1,  0,  1,  0,  0,  1,  0,  0,  0,  0,  0,  0,  0,  0,  0,  0,  0,  1,  1,   1],
[ 0,  1,  0,  0,  0,  1,  0,  0,  0,  0,  0,  0,  1,  0,  0,  0,  1,  0,  1,  1,  0,  0,  0,  1,  0,  0,  0,  1,  1,  0,  0,  0,  0,  1,  1,  1,  0,  1,  0,  1,  0,  1,  0,  0,  0,  0,  0,  0,  1,  0,  1,  0,  1,  0,  0,  1,  0,  0,  1,  0,  1,  0,  0,  1,  0,  0,  0,  1,  0,  0,  1,  0,  0,  0,  1,  0,  0,  0,  0,  0,  0,  0,  0,  0,  1,  1,  0,  0,  0,  1,  0,  0,  0,  1,  1,  0,  0,  0,  0,   1],
[ 1,  0,  0,  0,  0,  0,  1,  1,  1,  1,  1,  0,  1,  1,  1,  0,  0,  0,  1,  0,  0,  0,  0,  0,  1,  0,  0,  0,  1,  0,  0,  0,  0,  0,  1,  0,  0,  0,  0,  1,  0,  1,  0,  1,  1,  1,  0,  0,  1,  0,  1,  0,  1,  0,  1,  0,  1,  1,  0,  1,  0,  1,  0,  0,  0,  0,  1,  1,  0,  0,  1,  1,  0,  1,  0,  0,  1,  1,  0,  0,  1,  0,  0,  0,  0,  0,  0,  1,  1,  0,  0,  0,  1,  0,  1,  0,  0,  0,  0,   0],
[ 1,  1,  1,  0,  1,  1,  0,  0,  1,  0,  1,  0,  1,  0,  0,  0,  0,  0,  1,  0,  1,  0,  0,  1,  1,  0,  0,  0,  0,  1,  0,  0,  0,  0,  0,  0,  0,  1,  1,  0,  0,  0,  0,  1,  0,  0,  0,  0,  0,  0,  1,  0,  0,  0,  1,  0,  0,  0,  1,  0,  0,  1,  0,  1,  0,  1,  0,  0,  0,  0,  0,  1,  0,  0,  1,  1,  0,  1,  0,  0,  1,  0,  1,  0,  1,  1,  1,  1,  1,  0,  1,  0,  1,  0,  1,  1,  0,  0,  0,   1],
[ 1,  0,  1,  1,  0,  0,  0,  0,  0,  0,  0,  0,  0,  0,  0,  0,  0,  0,  0,  1,  0,  0,  0,  1,  1,  1,  0,  0,  1,  1,  0,  0,  0,  1,  1,  1,  0,  0,  0,  1,  0,  1,  0,  1,  0,  1,  1,  0,  0,  0,  1,  0,  0,  0,  0,  0,  0,  1,  0,  0,  0,  0,  0,  0,  0,  1,  0,  0,  0,  0,  1,  0,  0,  0,  0,  1,  0,  0,  1,  0,  0,  1,  0,  0,  0,  0,  0,  1,  1,  0,  0,  0,  1,  0,  0,  1,  0,  0,  0,   0],
[ 1,  0,  0,  0,  1,  0,  1,  0,  0,  0,  0,  1,  0,  0,  0,  0,  0,  0,  0,  0,  1,  0,  1,  0,  0,  0,  0,  0,  0,  0,  1,  1,  0,  0,  0,  1,  0,  1,  0,  0,  1,  0,  1,  0,  1,  0,  0,  0,  1,  1,  0,  0,  0,  0,  0,  0,  1,  0,  1,  1,  0,  0,  0,  1,  0,  0,  1,  0,  0,  0,  0,  0,  1,  1,  0,  0,  0,  1,  1,  0,  0,  1,  0,  0,  0,  0,  1,  1,  0,  1,  0,  0,  0,  1,  0,  1,  0,  0,  1,   0],
[ 0,  1,  0,  0,  0,  0,  0,  1,  0,  0,  0,  0,  0,  0,  1,  0,  0,  0,  1,  0,  0,  1,  0,  0,  1,  0,  0,  0,  0,  1,  0,  0,  0,  0,  0,  0,  0,  1,  1,  0,  0,  1,  0,  1,  1,  1,  0,  0,  0,  0,  0,  1,  1,  1,  1,  0,  1,  0,  0,  0,  0,  0,  0,  0,  0,  1,  1,  1,  1,  0,  0,  0,  0,  1,  1,  1,  0,  0,  0,  0,  0,  0,  0,  0,  0,  1,  0,  0,  1,  0,  1,  0,  1,  1,  0,  0,  0,  0,  0,   0],
[ 0,  0,  0,  0,  0,  0,  0,  1,  0,  0,  0,  0,  1,  0,  0,  1,  0,  0,  0,  0,  0,  0,  0,  1,  0,  1,  0,  0,  1,  0,  0,  0,  1,  0,  0,  0,  0,  1,  0,  0,  1,  0,  0,  0,  0,  0,  0,  1,  1,  1,  1,  0,  1,  0,  1,  0,  0,  1,  0,  1,  0,  1,  0,  0,  0,  0,  0,  0,  1,  0,  0,  0,  0,  0,  0,  0,  0,  0,  1,  0,  0,  1,  0,  1,  0,  1,  0,  0,  1,  0,  0,  1,  0,  0,  0,  0,  0,  0,  0,   1],
[ 1,  0,  0,  1,  0,  0,  1,  1,  0,  0,  0,  0,  0,  0,  1,  1,  1,  1,  0,  0,  0,  1,  0,  1,  0,  1,  0,  0,  1,  1,  0,  0,  1,  0,  0,  0,  1,  1,  1,  0,  0,  0,  1,  1,  0,  0,  0,  0,  0,  0,  0,  0,  0,  0,  1,  1,  0,  0,  0,  0,  0,  0,  0,  0,  0,  0,  1,  0,  1,  0,  0,  1,  0,  0,  0,  0,  1,  0,  0,  0,  1,  1,  0,  0,  0,  0,  1,  1,  0,  1,  1,  1,  0,  0,  1,  0,  1,  1,  1,   0],
[ 0,  0,  0,  0,  1,  0,  0,  0,  0,  1,  1,  1,  0,  0,  1,  0,  0,  0,  0,  1,  1,  1,  0,  0,  0,  1,  0,  0,  1,  0,  0,  0,  1,  1,  0,  1,  0,  0,  0,  0,  0,  1,  1,  1,  0,  0,  1,  0,  0,  1,  0,  1,  0,  0,  0,  0,  0,  0,  0,  1,  1,  0,  1,  0,  0,  0,  1,  0,  0,  0,  1,  0,  1,  1,  1,  1,  0,  0,  0,  0,  1,  1,  1,  0,  0,  0,  0,  1,  0,  0,  0,  1,  0,  0,  0,  1,  0,  1,  1,   0],
[ 1,  1,  0,  0,  0,  0,  0,  1,  0,  0,  0,  0,  0,  1,  1,  0,  1,  0,  0,  0,  1,  0,  1,  0,  1,  1,  0,  1,  1,  0,  0,  0,  0,  0,  0,  1,  0,  0,  0,  1,  1,  1,  0,  1,  1,  0,  0,  0,  0,  1,  0,  0,  1,  0,  0,  0,  0,  0,  1,  0,  0,  1,  1,  0,  1,  1,  0,  1,  1,  1,  0,  1,  0,  1,  0,  0,  0,  0,  0,  1,  1,  1,  0,  0,  1,  1,  0,  0,  1,  0,  1,  0,  1,  1,  0,  0,  0,  1,  1,   0],
[ 0,  0,  0,  0,  0,  0,  1,  1,  0,  1,  0,  0,  0,  1,  0,  0,  0,  1,  0,  0,  1,  0,  0,  0,  0,  1,  1,  0,  0,  0,  1,  1,  0,  0,  1,  0,  1,  0,  0,  0,  0,  1,  0,  0,  0,  1,  0,  1,  0,  0,  0,  0,  0,  1,  0,  1,  1,  1,  1,  0,  0,  0,  1,  0,  0,  0,  1,  0,  0,  0,  0,  0,  0,  0,  0,  0,  0,  0,  0,  0,  0,  0,  0,  0,  0,  0,  0,  1,  0,  0,  0,  1,  0,  0,  0,  0,  0,  0,  0,   0],
[ 0,  0,  0,  1,  0,  1,  0,  0,  0,  1,  0,  0,  0,  0,  0,  0,  0,  1,  0,  0,  0,  0,  1,  1,  1,  1,  1,  0,  0,  0,  0,  0,  0,  1,  0,  0,  0,  1,  1,  0,  0,  1,  0,  0,  0,  1,  0,  1,  0,  0,  0,  0,  0,  0,  0,  0,  1,  0,  0,  0,  0,  0,  1,  1,  1,  0,  1,  0,  0,  0,  1,  0,  0,  0,  0,  0,  1,  0,  0,  1,  0,  0,  0,  1,  0,  0,  1,  1,  0,  0,  0,  1,  0,  0,  0,  1,  1,  1,  0,   0],
[ 0,  0,  0,  0,  0,  0,  0,  0,  0,  0,  0,  1,  0,  1,  0,  0,  0,  0,  0,  0,  1,  0,  0,  0,  1,  0,  1,  0,  0,  1,  0,  1,  0,  0,  0,  1,  1,  1,  0,  0,  1,  0,  0,  0,  0,  0,  0,  0,  1,  0,  0,  0,  0,  1,  1,  0,  1,  0,  0,  0,  0,  0,  0,  0,  0,  0,  1,  0,  0,  0,  0,  0,  1,  0,  0,  1,  1,  0,  0,  1,  1,  1,  0,  1,  1,  0,  0,  1,  0,  0,  0,  1,  0,  1,  0,  0,  0,  1,  0,   0],
[ 1,  0,  1,  0,  0,  1,  1,  0,  0,  1,  0,  0,  0,  1,  0,  0,  0,  1,  1,  0,  0,  0,  0,  1,  0,  0,  1,  0,  1,  1,  0,  0,  0,  0,  0,  1,  0,  1,  0,  0,  0,  0,  0,  0,  0,  1,  0,  0,  0,  0,  0,  1,  0,  0,  0,  0,  1,  1,  1,  0,  1,  0,  0,  0,  0,  1,  0,  0,  1,  0,  0,  0,  1,  1,  1,  0,  1,  0,  1,  0,  0,  1,  0,  1,  0,  0,  1,  1,  0,  0,  1,  0,  0,  0,  0,  0,  0,  1,  0,   0],
[ 0,  1,  1,  0,  0,  0,  0,  0,  1,  0,  0,  0,  1,  1,  0,  0,  0,  0,  1,  0,  0,  0,  0,  0,  0,  0,  0,  1,  0,  1,  0,  1,  1,  0,  0,  0,  0,  0,  1,  1,  0,  0,  0,  0,  0,  1,  0,  0,  0,  1,  0,  1,  0,  1,  0,  0,  0,  0,  1,  1,  0,  0,  0,  0,  1,  0,  1,  0,  0,  0,  0,  0,  0,  1,  0,  0,  1,  0,  1,  1,  0,  0,  1,  0,  0,  1,  0,  0,  0,  0,  1,  0,  1,  0,  1,  0,  0,  0,  0,   0],
[ 0,  0,  0,  1,  0,  1,  1,  0,  0,  1,  1,  0,  1,  0,  0,  1,  0,  0,  0,  1,  0,  1,  0,  0,  0,  0,  1,  0,  0,  0,  0,  0,  1,  1,  0,  0,  0,  1,  0,  0,  1,  1,  0,  1,  1,  1,  0,  1,  0,  1,  0,  0,  0,  0,  0,  0,  0,  0,  0,  0,  0,  1,  0,  0,  0,  1,  0,  0,  0,  1,  1,  0,  0,  1,  0,  0,  0,  0,  0,  0,  0,  0,  0,  1,  0,  1,  0,  1,  0,  1,  1,  0,  0,  0,  0,  0,  1,  0,  0,   0],
[ 0,  0,  1,  1,  1,  0,  0,  0,  1,  0,  0,  0,  0,  0,  0,  0,  0,  0,  0,  0,  1,  0,  1,  0,  0,  0,  1,  0,  0,  0,  0,  0,  1,  0,  0,  1,  0,  0,  0,  0,  0,  0,  0,  0,  0,  1,  0,  1,  0,  1,  0,  1,  0,  1,  0,  0,  1,  0,  1,  0,  0,  1,  1,  0,  0,  1,  1,  0,  0,  0,  1,  1,  1,  0,  0,  0,  1,  0,  1,  0,  0,  1,  0,  0,  1,  1,  1,  0,  0,  1,  0,  0,  1,  0,  0,  1,  1,  1,  1,   0],
[ 0,  0,  0,  0,  0,  1,  0,  0,  1,  0,  1,  1,  0,  1,  0,  0,  1,  0,  0,  0,  0,  0,  0,  1,  0,  0,  1,  0,  1,  1,  0,  0,  0,  1,  0,  0,  0,  0,  0,  0,  1,  1,  1,  0,  0,  0,  0,  1,  0,  0,  1,  1,  0,  0,  0,  0,  0,  1,  0,  1,  0,  0,  1,  0,  0,  1,  0,  0,  0,  0,  1,  0,  0,  0,  0,  0,  0,  0,  1,  1,  1,  0,  1,  0,  0,  1,  1,  0,  1,  0,  1,  0,  0,  0,  0,  0,  0,  0,  0,   0],
[ 1,  0,  0,  0,  1,  0,  0,  0,  0,  1,  1,  0,  0,  0,  1,  0,  0,  0,  0,  0,  0,  1,  0,  1,  0,  0,  0,  0,  1,  1,  0,  0,  0,  0,  1,  1,  1,  0,  0,  1,  0,  0,  0,  1,  1,  1,  0,  1,  0,  1,  0,  0,  0,  0,  0,  1,  1,  0,  0,  1,  1,  0,  1,  0,  0,  1,  0,  0,  0,  1,  0,  0,  0,  0,  0,  0,  1,  0,  0,  0,  0,  0,  1,  0,  0,  0,  0,  0,  0,  1,  0,  0,  0,  0,  0,  0,  0,  1,  0,   0],
[ 0,  1,  0,  0,  1,  1,  0,  0,  0,  0,  0,  1,  1,  0,  0,  1,  0,  0,  1,  0,  0,  0,  0,  1,  1,  0,  0,  0,  0,  0,  0,  0,  0,  0,  1,  1,  0,  0,  1,  0,  0,  0,  0,  1,  1,  0,  0,  0,  0,  0,  0,  0,  0,  0,  1,  0,  1,  0,  1,  0,  0,  0,  0,  0,  1,  0,  0,  0,  1,  1,  1,  1,  0,  1,  0,  1,  0,  1,  0,  1,  0,  0,  0,  1,  1,  1,  0,  0,  1,  0,  0,  0,  1,  1,  0,  1,  0,  0,  1,   0],
[ 0,  1,  0,  0,  0,  0,  1,  0,  1,  1,  0,  0,  1,  0,  0,  0,  0,  1,  0,  1,  1,  1,  0,  0,  0,  1,  1,  0,  0,  1,  0,  1,  0,  1,  0,  1,  0,  0,  0,  0,  0,  0,  1,  0,  0,  0,  0,  0,  1,  1,  0,  0,  0,  0,  0,  0,  1,  0,  1,  1,  0,  1,  0,  0,  0,  0,  0,  0,  0,  0,  0,  0,  0,  0,  0,  0,  1,  0,  0,  0,  0,  1,  0,  1,  0,  0,  0,  1,  0,  1,  0,  1,  0,  0,  0,  0,  0,  1,  1,   0],
[ 0,  0,  0,  0,  0,  0,  0,  0,  0,  0,  0,  0,  0,  1,  0,  0,  0,  1,  1,  0,  1,  0,  1,  0,  1,  0,  0,  0,  0,  1,  1,  0,  0,  0,  0,  0,  0,  1,  0,  0,  1,  1,  1,  1,  1,  0,  0,  0,  0,  0,  0,  1,  0,  1,  0,  0,  0,  0,  0,  0,  1,  1,  0,  1,  0,  0,  0,  0,  0,  0,  1,  1,  0,  1,  1,  0,  0,  0,  0,  0,  0,  0,  1,  1,  0,  0,  0,  0,  0,  0,  0,  0,  0,  0,  0,  0,  0,  1,  0,   0],
[ 1,  0,  1,  0,  0,  0,  0,  1,  0,  0,  0,  0,  0,  1,  0,  0,  0,  0,  0,  0,  0,  0,  0,  1,  0,  0,  0,  0,  0,  1,  1,  0,  0,  0,  0,  0,  0,  0,  0,  0,  0,  0,  0,  1,  1,  0,  0,  0,  0,  0,  0,  0,  0,  0,  0,  1,  0,  0,  0,  0,  0,  0,  0,  0,  0,  0,  1,  0,  1,  1,  0,  1,  0,  0,  1,  0,  1,  0,  0,  0,  1,  0,  0,  0,  0,  0,  0,  0,  1,  0,  1,  0,  0,  0,  0,  0,  1,  0,  0,   0],
[ 1,  0,  0,  1,  0,  0,  0,  1,  0,  0,  0,  0,  0,  1,  0,  0,  0,  1,  1,  0,  0,  1,  0,  0,  0,  0,  0,  0,  1,  0,  0,  0,  1,  0,  0,  0,  1,  1,  0,  0,  0,  1,  0,  1,  0,  0,  0,  0,  0,  0,  0,  1,  0,  1,  0,  0,  1,  0,  1,  1,  0,  0,  0,  0,  1,  1,  1,  0,  0,  1,  0,  0,  0,  0,  1,  0,  0,  0,  0,  1,  0,  0,  0,  0,  0,  0,  0,  0,  0,  0,  0,  1,  0,  1,  1,  1,  0,  0,  0,   0],
[ 0,  1,  0,  0,  0,  1,  1,  0,  0,  1,  0,  0,  0,  0,  0,  0,  0,  0,  0,  0,  0,  1,  1,  0,  1,  1,  0,  1,  0,  0,  0,  1,  1,  0,  1,  0,  0,  0,  1,  0,  0,  0,  0,  0,  1,  1,  0,  0,  0,  1,  0,  1,  0,  0,  0,  0,  0,  0,  0,  0,  1,  1,  0,  1,  1,  1,  1,  0,  0,  1,  1,  0,  0,  1,  0,  0,  0,  1,  0,  0,  0,  0,  1,  0,  0,  0,  1,  0,  0,  0,  0,  0,  0,  0,  0,  1,  0,  1,  0,   1],
[ 0,  0,  0,  0,  1,  0,  0,  0,  0,  0,  0,  1,  0,  0,  0,  0,  0,  0,  0,  1,  0,  0,  0,  1,  0,  0,  1,  1,  1,  0,  1,  0,  0,  1,  0,  0,  1,  1,  0,  0,  0,  1,  1,  0,  0,  0,  0,  0,  1,  0,  0,  0,  0,  0,  1,  0,  1,  0,  0,  1,  0,  0,  0,  0,  0,  1,  0,  0,  0,  0,  0,  1,  0,  0,  1,  1,  0,  0,  1,  0,  0,  1,  0,  1,  1,  0,  0,  0,  1,  0,  0,  0,  0,  1,  0,  0,  1,  0,  1,   1],
[ 1,  0,  0,  0,  1,  1,  0,  0,  1,  0,  1,  1,  0,  0,  0,  0,  0,  0,  0,  0,  1,  0,  1,  1,  1,  0,  1,  0,  0,  0,  0,  0,  1,  0,  0,  1,  0,  0,  1,  0,  0,  1,  0,  1,  0,  1,  0,  0,  0,  1,  1,  0,  1,  0,  0,  1,  0,  0,  0,  0,  0,  0,  0,  1,  0,  0,  0,  0,  1,  1,  1,  0,  1,  0,  0,  0,  1,  1,  1,  0,  0,  0,  1,  0,  0,  1,  0,  1,  0,  0,  0,  1,  0,  0,  0,  1,  0,  0,  0,   0],
[ 0,  0,  0,  0,  1,  0,  0,  0,  0,  0,  0,  1,  0,  0,  1,  0,  1,  0,  0,  0,  1,  0,  1,  0,  0,  0,  0,  0,  1,  0,  0,  0,  0,  0,  0,  1,  1,  0,  0,  0,  0,  0,  0,  0,  1,  0,  1,  0,  1,  0,  1,  1,  1,  1,  0,  0,  0,  1,  0,  1,  0,  0,  0,  0,  0,  0,  1,  0,  0,  1,  0,  0,  0,  1,  0,  0,  1,  0,  0,  0,  0,  0,  1,  0,  0,  1,  0,  0,  0,  0,  1,  1,  1,  1,  0,  0,  0,  0,  0,   1],
[ 0,  1,  0,  0,  0,  1,  0,  0,  1,  0,  0,  0,  0,  0,  0,  0,  0,  0,  0,  0,  0,  1,  0,  0,  1,  0,  0,  0,  0,  0,  0,  1,  0,  0,  0,  0,  0,  0,  0,  0,  0,  0,  1,  0,  0,  0,  0,  1,  0,  0,  0,  0,  1,  0,  0,  0,  1,  1,  0,  1,  0,  0,  1,  1,  0,  0,  1,  0,  0,  0,  0,  1,  1,  1,  1,  0,  1,  0,  0,  0,  0,  0,  0,  1,  1,  0,  1,  1,  0,  1,  0,  0,  0,  0,  0,  0,  0,  0,  0,   0],
[ 1,  0,  0,  0,  0,  0,  1,  0,  1,  1,  1,  0,  0,  0,  1,  0,  0,  1,  0,  0,  0,  0,  1,  0,  1,  1,  0,  0,  1,  1,  0,  0,  0,  1,  0,  1,  0,  1,  1,  1,  0,  0,  1,  0,  1,  0,  1,  1,  1,  0,  0,  1,  0,  0,  0,  0,  0,  0,  0,  1,  0,  1,  0,  0,  1,  0,  0,  0,  1,  0,  1,  0,  0,  1,  1,  0,  0,  0,  0,  0,  0,  1,  0,  0,  0,  1,  0,  1,  0,  0,  0,  0,  0,  0,  0,  0,  0,  0,  0,   0],
[ 0,  0,  0,  0,  1,  0,  0,  0,  1,  0,  1,  1,  0,  0,  1,  1,  0,  0,  0,  1,  0,  1,  0,  0,  1,  0,  0,  0,  1,  0,  0,  0,  1,  0,  0,  1,  0,  1,  0,  1,  0,  0,  0,  1,  0,  0,  0,  1,  0,  0,  0,  0,  0,  1,  1,  0,  0,  0,  1,  1,  1,  1,  0,  0,  1,  1,  0,  1,  1,  1,  1,  0,  1,  0,  0,  0,  0,  1,  0,  0,  0,  0,  0,  1,  0,  1,  1,  0,  0,  0,  0,  0,  1,  0,  0,  0,  0,  1,  0,   0],
[ 0,  0,  1,  1,  1,  0,  1,  1,  0,  1,  1,  0,  1,  0,  0,  1,  0,  1,  0,  0,  0,  0,  1,  0,  1,  1,  0,  0,  1,  0,  0,  0,  1,  0,  1,  1,  1,  0,  0,  0,  0,  0,  0,  0,  0,  0,  0,  1,  1,  1,  1,  0,  1,  0,  0,  1,  0,  0,  1,  1,  1,  0,  1,  1,  0,  0,  1,  0,  0,  0,  0,  0,  0,  0,  1,  0,  1,  0,  0,  1,  0,  0,  1,  0,  0,  0,  0,  0,  0,  0,  0,  0,  0,  0,  0,  0,  0,  1,  0,   1],
[ 0,  0,  1,  0,  1,  1,  0,  0,  0,  0,  0,  0,  0,  0,  0,  0,  0,  0,  0,  1,  0,  0,  1,  1,  0,  1,  0,  1,  1,  0,  0,  0,  1,  0,  0,  0,  1,  0,  1,  1,  0,  0,  0,  0,  1,  0,  1,  0,  1,  0,  0,  0,  0,  0,  0,  1,  0,  1,  0,  0,  0,  1,  0,  0,  1,  0,  0,  0,  0,  0,  0,  0,  1,  1,  0,  1,  0,  1,  0,  0,  0,  0,  0,  0,  0,  1,  0,  0,  0,  0,  0,  0,  0,  0,  0,  0,  0,  1,  1,   0],
[ 1,  0,  1,  0,  1,  0,  0,  0,  0,  0,  1,  0,  0,  0,  1,  0,  0,  0,  0,  0,  0,  1,  0,  0,  0,  0,  1,  1,  1,  0,  0,  0,  0,  0,  1,  0,  0,  0,  0,  1,  0,  0,  0,  0,  0,  0,  1,  1,  1,  0,  0,  0,  0,  0,  0,  0,  0,  0,  0,  1,  0,  0,  1,  0,  1,  0,  1,  0,  0,  0,  1,  1,  1,  0,  1,  0,  0,  0,  0,  1,  0,  0,  0,  0,  1,  0,  0,  0,  0,  0,  0,  1,  1,  0,  0,  0,  1,  1,  1,   0],
[ 1,  1,  0,  1,  0,  1,  0,  0,  0,  1,  0,  1,  0,  1,  0,  1,  0,  0,  1,  1,  1,  1,  0,  0,  0,  0,  0,  0,  1,  0,  1,  1,  0,  0,  1,  0,  1,  0,  0,  0,  0,  0,  0,  0,  0,  1,  0,  0,  0,  0,  0,  1,  0,  0,  1,  0,  0,  0,  0,  0,  0,  0,  0,  1,  1,  1,  0,  1,  1,  1,  0,  0,  0,  0,  0,  0,  0,  1,  0,  0,  1,  0,  0,  1,  1,  0,  0,  0,  0,  0,  1,  0,  1,  0,  1,  0,  0,  1,  1,   1],
[ 1,  0,  0,  1,  0,  0,  0,  1,  0,  0,  1,  1,  0,  1,  1,  1,  0,  1,  1,  0,  0,  0,  0,  0,  1,  1,  0,  0,  0,  0,  0,  0,  0,  0,  0,  1,  1,  1,  0,  1,  0,  0,  0,  0,  1,  0,  1,  0,  0,  0,  0,  0,  0,  0,  0,  1,  0,  0,  1,  1,  1,  0,  1,  0,  0,  0,  1,  0,  0,  0,  0,  1,  0,  1,  0,  0,  1,  0,  0,  0,  0,  0,  0,  0,  1,  0,  0,  1,  0,  0,  1,  1,  0,  0,  0,  0,  0,  0,  0,   0],
[ 0,  0,  1,  1,  0,  0,  1,  0,  0,  1,  0,  0,  0,  0,  0,  0,  1,  0,  0,  0,  0,  0,  1,  0,  0,  1,  0,  0,  0,  0,  1,  0,  0,  0,  1,  0,  0,  0,  0,  0,  0,  0,  1,  1,  1,  0,  0,  0,  0,  1,  0,  0,  1,  1,  0,  1,  0,  1,  0,  0,  0,  1,  1,  0,  0,  0,  1,  0,  0,  1,  0,  0,  0,  0,  0,  0,  1,  0,  0,  0,  1,  0,  1,  0,  1,  0,  0,  0,  0,  0,  0,  0,  0,  0,  1,  0,  0,  1,  0,   1],
[ 0,  1,  0,  1,  0,  0,  1,  0,  0,  0,  0,  0,  0,  0,  0,  1,  1,  1,  1,  0,  0,  1,  1,  1,  1,  1,  0,  1,  0,  1,  1,  0,  1,  0,  0,  0,  0,  0,  0,  0,  1,  0,  0,  0,  0,  0,  1,  1,  0,  0,  0,  0,  1,  0,  0,  0,  0,  1,  1,  1,  0,  0,  0,  0,  1,  0,  0,  0,  0,  0,  0,  1,  0,  0,  0,  0,  0,  0,  0,  0,  1,  0,  0,  0,  0,  0,  0,  0,  0,  0,  0,  1,  0,  1,  0,  1,  0,  0,  0,   1],
[ 0,  0,  1,  0,  0,  1,  0,  0,  1,  0,  0,  0,  0,  0,  1,  0,  1,  1,  0,  1,  0,  0,  0,  0,  0,  1,  1,  1,  0,  0,  0,  0,  0,  0,  1,  0,  0,  0,  1,  0,  0,  0,  0,  0,  0,  1,  1,  0,  1,  0,  1,  1,  1,  0,  0,  0,  0,  0,  0,  1,  1,  1,  0,  0,  0,  1,  0,  0,  1,  0,  0,  0,  0,  1,  0,  0,  1,  0,  0,  0,  1,  1,  0,  1,  0,  0,  0,  0,  0,  0,  0,  0,  0,  0,  1,  0,  0,  0,  0,   0],
[ 1,  0,  0,  0,  0,  1,  0,  0,  0,  0,  1,  0,  0,  0,  0,  0,  0,  0,  1,  0,  1,  1,  1,  0,  1,  0,  0,  0,  0,  1,  0,  0,  0,  1,  0,  0,  1,  0,  0,  1,  0,  0,  0,  0,  1,  0,  1,  1,  0,  1,  0,  0,  1,  0,  1,  1,  0,  0,  0,  0,  0,  0,  0,  0,  1,  0,  0,  0,  1,  0,  0,  0,  1,  1,  0,  0,  0,  0,  0,  1,  0,  0,  1,  0,  0,  0,  0,  0,  0,  0,  1,  0,  0,  0,  0,  0,  0,  0,  0,   1],
[ 0,  0,  0,  0,  0,  1,  1,  0,  1,  1,  0,  0,  1,  0,  0,  0,  0,  1,  0,  0,  1,  0,  0,  0,  1,  1,  1,  0,  0,  0,  0,  0,  1,  0,  1,  0,  0,  1,  0,  0,  1,  0,  0,  0,  0,  0,  1,  0,  1,  0,  0,  0,  1,  1,  1,  0,  1,  0,  0,  0,  0,  0,  0,  0,  1,  1,  1,  0,  1,  1,  1,  0,  0,  1,  0,  1,  0,  1,  1,  0,  0,  1,  0,  0,  0,  0,  0,  1,  1,  1,  1,  1,  0,  1,  0,  0,  0,  0,  0,   0],
[ 0,  0,  0,  0,  1,  0,  0,  1,  1,  1,  0,  0,  0,  0,  0,  1,  0,  0,  0,  0,  1,  0,  0,  1,  0,  0,  0,  0,  0,  0,  0,  0,  1,  0,  0,  0,  0,  0,  0,  0,  0,  0,  0,  0,  1,  0,  0,  1,  0,  0,  0,  0,  0,  1,  0,  0,  1,  0,  0,  0,  0,  1,  0,  0,  1,  1,  1,  0,  0,  0,  0,  0,  0,  1,  0,  0,  1,  1,  0,  0,  0,  0,  1,  0,  0,  0,  0,  0,  0,  1,  1,  1,  0,  0,  0,  0,  0,  0,  0,   1],
[ 0,  0,  0,  1,  0,  0,  0,  0,  0,  0,  1,  0,  0,  1,  1,  1,  1,  1,  0,  1,  1,  0,  0,  0,  1,  0,  1,  1,  0,  0,  0,  0,  1,  0,  1,  0,  0,  1,  1,  1,  0,  0,  0,  1,  0,  1,  0,  0,  0,  0,  0,  0,  0,  0,  0,  1,  1,  1,  0,  1,  0,  0,  0,  1,  0,  0,  0,  0,  0,  0,  0,  0,  0,  0,  0,  0,  0,  0,  0,  0,  0,  1,  1,  0,  1,  0,  0,  0,  1,  0,  0,  1,  0,  1,  1,  0,  1,  0,  1,   0]
]
