100
2 5 6 7 10 12 13 15 19 26 30 31 36 38 41 42 45 58 59 60 61 64 66 70 75 79 80 83 86 90 91 92 96
7 8 12 14 19 20 23 24 26 27 29 32 34 36 49 51 54 55 56 57 59 62 66 71 76 77 81 85 91 94
0 4 12 15 17 21 23 27 33 36 37 40 42 45 48 50 54 59 60 70 71 73 79 88 89 90 93 95
4 5 6 8 11 13 14 15 17 21 25 30 33 34 38 40 42 44 47 48 49 51 56 60 64 68 72 73 80 88 91 92 93 94 99
2 3 5 6 7 9 10 13 16 20 23 27 28 32 34 43 48 50 51 52 56 59 61 65 73 75 76 82 83 84 87 88 89 90 98
0 3 4 7 8 16 30 31 33 34 35 38 42 50 51 52 54 57 59 68 70 72 74 76 81 83 85 89 91 95 96 97
0 3 4 7 8 9 10 13 15 17 19 28 29 32 37 41 43 45 51 53 54 55 58 61 64 67 70 72 77 81 86 88 93 94 97
0 1 4 5 6 8 9 12 13 14 15 16 17 20 23 26 29 33 36 41 55 58 62 63 64 66 67 79 80 88 92 98
1 3 5 6 7 11 12 13 14 16 19 21 24 27 32 36 39 41 42 44 46 52 53 54 58 59 71 73 74 77 83 85 86 87 95 97 98
4 6 7 13 14 15 18 20 21 24 29 31 32 36 41 45 47 48 50 51 58 65 67 68 70 72 75 77 81 86 88 91 93 97 98
0 4 6 14 15 16 18 19 21 25 29 31 39 45 47 55 58 59 65 72 74 75 83 86 87 88 90 92 96 99
3 8 12 24 27 33 37 40 42 48 53 54 56 61 65 69 74 76 82 83 84 87 91 92
0 1 2 7 8 11 24 26 32 36 37 40 44 47 49 50 57 58 59 63 71 72 76 77 88 97
0 3 4 6 7 8 9 23 24 28 29 32 36 37 41 44 45 46 48 51 58 66 67 69 70 71 74 78 79 80 91 92 99
1 3 7 8 9 10 25 28 31 34 36 37 40 41 42 46 47 52 58 62 64 65 66 75 84 86 87 90 92 95 99
0 2 3 6 7 9 10 18 22 25 32 33 37 38 41 42 47 48 55 63 64 72 76 87 88 91 92 94 98 99
4 5 7 8 10 20 21 28 30 32 38 39 40 50 57 64 66 74 84 93 94 95 99
2 3 6 7 19 23 24 26 28 30 33 34 38 43 44 47 52 53 54 56 64 67 68 70 77 78 80 86 88 92 94 95 97 99
9 10 15 23 24 29 30 32 34 35 37 41 43 47 53 57 58 59 62 70 71 76 78 80 91 92 94 96
0 1 6 8 10 17 26 31 32 37 39 41 46 47 49 51 57 60 65 72 77 82 87 89 91 95 99
1 4 7 9 16 22 26 30 32 44 45 48 50 51 52 56 59 61 65 66 67 69 73 77 78 83 84 91 96 97 98 99
2 3 8 9 10 16 22 25 28 29 41 42 47 49 62 64 65 72 75 77 80 81 85 87 90 91 94 96
15 20 21 25 30 33 34 37 41 42 49 56 61 66 68 73 78 81 83 84 86 88 89 93 94 96
1 2 4 7 13 17 18 28 31 38 40 45 46 47 49 50 53 54 57 59 60 63 64 68 70 74 75 76 79 82 83 89 94 98
1 8 9 11 12 13 17 18 26 31 36 42 46 49 50 58 59 60 62 66 68 69 76 78 81 83 85 86 87 88 92 94 96 97 99
3 10 14 15 21 22 31 40 41 44 52 55 60 63 64 65 66 67 68 77 81 86 88 89 92 93 94 95 97
0 1 7 12 17 19 20 24 27 28 33 35 36 38 41 42 52 55 67 68 69 70 72 73 74 77 82 83 90 95 97 99
1 2 4 8 11 26 28 31 32 33 36 39 46 47 48 55 56 57 66 71 81 82 89 90 94 95 99
4 6 13 14 16 17 21 23 26 27 29 30 34 35 38 45 51 53 57 58 60 63 64 65 66 70 74 75 80 82 84 86 87 88 89 90 91
1 6 7 9 10 13 18 21 28 34 36 37 38 43 44 52 54 55 59 60 62 64 69 70 71 74 75 77 78 79 86 94 96
0 3 5 16 17 18 20 22 28 31 32 37 39 41 48 50 52 54 61 67 78 79 82 91 93 94
0 5 9 10 14 19 23 24 25 27 30 40 41 43 44 47 51 53 61 67 69 71 77 81 85 91
1 4 6 8 9 12 13 15 16 18 19 20 27 30 33 34 42 45 47 50 52 54 63 64 65 71 72 73 80 81 83 87 88 89 94 97 98 99
2 3 5 7 11 15 17 22 26 27 32 34 41 43 44 52 56 57 60 65 68 72 74 77 82 86 96
1 3 4 5 14 17 18 22 28 29 32 33 41 43 46 48 49 52 57 58 60 67 75 76 81 88 90 91 93 95 97 99
5 18 26 28 39 44 50 51 56 57 60 61 65 66 69 70 73 75 76 77 83 84 86 87 88 92
0 1 2 7 8 9 12 13 14 24 26 27 29 38 51 64 67 69 75 80 82 84 88 89 91 92 96
2 6 11 12 13 14 15 18 19 22 29 30 38 41 42 45 47 56 57 59 61 62 63 64 68 69 70 72 78 80 82 86 87 92 97 99
0 3 5 15 16 17 23 26 28 29 36 37 39 40 43 44 47 59 62 64 68 71 76 81 83 86 89 95 99
8 10 16 19 27 30 35 38 40 41 43 44 45 48 52 53 56 57 58 60 66 71 75 86 87 89 90 92 96 99
2 3 11 12 14 16 23 25 31 38 39 43 47 48 49 50 53 54 61 63 66 69 72 74 78 94 97
0 6 7 8 9 13 14 15 18 19 21 22 25 26 30 31 33 34 37 39 45 46 47 49 54 57 58 60 62 65 66 67 68 72 74 78 80 82 83
0 2 3 5 8 11 14 15 21 22 24 26 32 37 53 55 61 64 65 74 77 78 82 85 86 93
4 6 17 18 29 31 33 34 38 39 40 45 47 49 51 54 58 59 60 62 64 65 66 72 75 76 78 79 80 83 87 93 99
3 8 12 13 17 20 25 29 31 33 35 38 39 51 53 56 58 61 62 66 72 75 76 78 79 81 84 86 89 92 93 96 98
0 2 6 9 10 13 20 23 28 32 37 39 41 43 48 49 51 55 56 58 60 62 67 68 70 71 72 73 75 81 83 91 95 99
8 13 14 19 23 24 27 34 41 51 56 60 65 84 86 89 90 92 94 95 96 97
3 9 10 12 14 15 17 18 19 21 23 27 31 32 37 38 40 41 43 50 53 54 63 67 68 72 73 74 75 85 86 87 88 90 94 96 98
2 3 4 9 11 13 15 20 27 30 34 39 40 45 50 54 57 58 61 63 69 77 82 84 86 88 89 90 95 97
1 3 12 19 21 22 23 24 34 40 41 43 45 50 52 54 56 61 63 65 66 71 72 73 75 77 81 83 88 93 96
2 4 5 9 12 16 20 23 24 30 32 35 40 47 48 49 56 57 58 59 60 63 74 83 84 88 95
1 3 4 5 6 9 13 19 20 28 31 35 36 43 44 45 46 55 62 65 70 71 73 74 78 80 81 84 86 91 95
4 5 8 14 17 20 25 26 29 30 32 33 34 39 49 53 57 58 62 63 66 83 84 85 88 93 94 95 96 97
6 8 11 17 18 23 28 31 39 40 42 44 47 52 55 62 67 69 71 73 78 80 84 87 93 97 98
1 2 5 6 8 11 17 23 29 30 32 40 41 43 47 48 49 55 58 59 62 63 64 69 76 82 87 91 96 97
1 6 7 10 15 25 26 27 29 42 45 51 53 54 57 64 67 75 79 83 88 89 92 93 96 99
1 3 4 11 17 20 22 27 33 35 37 39 44 45 46 49 50 58 61 62 67 68 69 70 73 75 76 77 80 82 85 97 98 99
1 5 12 16 18 19 23 27 28 33 34 35 37 39 41 48 50 52 55 58 60 63 67 70 74 84 85 89 93 94 99
0 6 7 8 9 10 12 13 14 18 24 28 34 39 41 43 44 45 48 50 52 54 56 57 59 61 66 67 70 71 73 76 77 80 87 88 92 94
0 1 2 4 5 8 10 12 18 20 23 24 29 37 38 43 50 54 58 61 63 65 71 74 75 77 80 82 84 85 86 87 88 90 92 94 95 99
0 2 3 19 23 24 25 28 29 33 34 35 39 41 43 45 46 50 57 65 70 75 78 81 87 88 92 95
0 4 6 11 20 22 30 31 35 37 40 42 44 48 49 56 58 59 63 66 72 73 77 78 81 86 87 89 93 95 98
1 7 14 18 21 24 29 37 38 41 43 44 45 51 52 53 54 56 65 66 67 68 73 74 75 85 88 90 92 93
7 12 15 23 25 28 32 37 40 47 48 49 50 52 54 57 59 61 68 78 81 83 85 88 91 99
0 3 6 7 14 15 16 17 21 23 25 28 29 32 36 37 38 42 43 54 55 66 68 71 76 80 81 86 87 89 90 91 94 96 97 98
4 9 10 11 14 19 20 21 25 28 32 33 35 41 42 43 46 49 51 59 60 62 66 70 72 73 74 75 80 81 82 87 91 95 97 98
0 1 7 13 14 16 20 22 24 25 27 28 35 39 40 41 43 44 49 52 58 61 62 64 65 67 68 69 71 73 79 80 81 84 85 88 90 92 93 97 98
6 7 9 13 17 20 25 26 30 31 34 36 41 45 47 53 55 56 57 58 62 66 87 91
3 5 9 17 22 23 24 25 26 33 37 38 41 45 47 56 62 63 64 66 70 76 79 83 86 87 91 95 96 97
11 13 20 24 26 29 31 35 36 37 40 48 53 54 56 66 72 75 76 79 80 81 83 84 87 91 93 97
0 2 5 6 9 13 17 18 23 26 28 29 35 37 45 51 56 57 58 60 65 68 72 73 74 76 78 81 83 86 87 90 97
1 2 8 12 13 18 27 29 31 32 38 39 45 49 51 53 58 59 64 66 73 76 78 79 82 85 90 92 94
3 5 6 9 10 12 15 19 21 26 32 33 37 40 41 43 44 45 47 49 61 65 69 70 73 83 85 87 89 90 96
2 3 4 8 20 22 26 32 35 45 47 49 51 53 56 58 61 62 65 66 70 71 72 76 78 81 84 85 86 89 92 95 96 97 98
5 8 10 11 13 16 23 26 28 29 33 40 41 42 47 50 51 57 59 62 65 70 78 79 80 82 85 86 88 90
0 4 9 10 14 21 23 28 29 34 35 36 39 43 44 45 47 49 55 56 59 60 62 65 69 76 82 89 97
1 4 5 11 12 15 18 23 24 34 35 38 43 44 54 56 58 64 68 69 70 71 73 75 77 79 83 84 85 88 92 93 95 98
1 6 8 9 12 17 19 20 21 25 26 29 31 33 35 42 48 49 56 58 59 61 76 81 83 87 89 91 97 98
13 17 18 20 22 24 29 30 37 40 41 42 43 44 51 53 60 61 63 70 71 73 74 82 83 97
0 2 7 13 23 29 30 43 44 55 66 68 69 71 74 76 80 88 90 96
0 3 7 13 17 18 21 28 32 36 37 41 43 51 53 56 58 59 64 65 66 69 74 79 91 93 94 95
1 5 6 9 21 22 24 25 27 31 32 34 38 44 45 49 51 60 61 63 64 65 66 69 70 73 77 82 86 95 97 99
4 11 19 23 26 27 28 30 33 36 37 41 42 48 54 56 59 65 71 74 75 78 81 83 84 88 93 96 98 99
0 4 5 8 10 11 20 22 23 24 26 32 35 38 41 43 45 49 50 52 55 63 68 69 70 72 76 77 78 82 85 87 91 95
4 11 14 16 20 22 28 35 36 44 46 48 50 51 52 53 57 59 66 69 73 76 82 85 90 91 92 93 99
1 5 8 21 24 31 42 47 52 56 57 59 62 63 66 71 72 73 74 76 83 84 86 87 89
0 6 8 9 10 14 17 22 24 25 28 29 33 35 37 38 39 42 44 46 47 48 51 59 61 64 68 70 73 74 81 85 87
4 8 10 11 14 15 19 21 24 28 32 35 37 39 43 47 53 54 58 59 60 61 64 65 67 68 69 70 72 77 83 85 86 92 97
2 3 4 6 7 9 10 12 15 17 22 24 25 28 32 34 35 36 47 48 49 50 52 55 58 59 60 62 63 66 74 76 79 82 97 99
2 4 5 19 22 23 25 27 28 32 36 38 39 44 46 48 55 57 61 64 72 73 75 77 85 97 98
0 2 4 10 14 21 26 27 28 34 39 46 47 48 59 62 64 66 70 71 72 74 79 84 91 92 96 97 98
0 1 3 5 9 11 13 15 18 19 20 21 28 30 31 34 36 45 51 54 63 64 65 67 68 69 77 80 83 84 90 92 94 97 98 99
0 3 7 10 11 13 14 15 17 18 24 25 35 36 37 39 44 46 55 58 59 60 62 66 71 73 76 84 87 90 91
2 3 6 9 16 22 25 30 34 42 43 44 49 52 53 55 57 61 62 66 69 76 80 82 84 94 97 99
1 3 6 15 16 17 18 21 22 23 24 25 27 29 30 32 40 46 47 52 57 58 59 64 71 80 91 93 95 99
2 5 8 14 16 17 19 25 26 27 34 38 45 46 48 50 51 52 59 60 61 65 68 73 76 80 81 83 94
0 5 10 18 20 21 22 24 29 33 36 39 44 46 47 49 52 54 55 64 68 72 73 79 82 90 99
5 6 8 9 12 17 20 24 25 26 32 34 37 40 46 48 52 53 54 56 64 65 66 68 69 70 73 75 77 78 81 87 88 89 90 91 93
4 7 8 9 15 20 23 32 44 47 53 56 61 64 65 66 73 76 77 82 89 90 91 99
3 10 13 14 15 16 17 19 20 24 26 27 32 34 37 38 39 43 45 55 56 57 59 63 81 82 84 88 91 93 94 96 98
