30
9 10 26 28
2 3 13 16 18 19 21 27 28 29
1 4 6 13 14 15 18 19 21 24 27 29
1 6 16 18 19 22 23 25 28
2 9 11 13 14 19 21 27 29
7 14 16 21 24 28
2 3 7 9 17 23 29
5 6 9 16 23 24
10 11 13 16 23 24
0 4 6 7 14 19 21 24 27
0 8 16 20 22 24 29
4 8 12 13 16 18 22 26 29
11 13 17 18 19 22 23 28
1 2 4 8 11 12 14 18 19 20 23 24 26 27 28
2 4 5 9 13 16 19 21 23 27
2 17 22 23 26 28 29
1 3 5 7 8 10 11 14 19 25 26
6 12 15 18 22 23 25 26
1 2 3 11 12 13 17 22 23 24 25 26
1 2 3 4 9 12 13 14 16 21
10 13 23 26
1 2 4 5 9 14 19 22 24
3 10 11 12 15 17 18 21 24 27
3 6 7 8 12 13 14 15 17 18 20 25 27
2 5 7 8 9 10 13 18 21 22 27
3 16 17 18 23 29
0 11 13 15 16 17 18 20
1 2 4 9 13 14 22 23 24
0 1 3 5 12 13 15
1 2 4 6 10 11 15 25
